  0.1000000E-01 -0.0000000E+00
  0.1570000E-01 -0.1833851E-03
  0.2140000E-01 -0.3988343E-03
  0.2710000E-01 -0.6824298E-03
  0.3280000E-01 -0.1079960E-02
  0.3850000E-01 -0.1653650E-02
  0.4420000E-01 -0.2490853E-02
  0.4990000E-01 -0.3715770E-02
  0.5560000E-01 -0.5505589E-02
  0.6130000E-01 -0.8112809E-02
  0.6700000E-01 -0.1189617E-01
  0.7270000E-01 -0.1736338E-01
  0.7840000E-01 -0.2522987E-01
  0.8410000E-01 -0.3649931E-01
  0.8980000E-01 -0.5257347E-01
  0.9550000E-01 -0.7540118E-01
  0.1012000E+00 -0.1076797E+00
  0.1069000E+00 -0.1531251E+00
  0.1126000E+00 -0.2168348E+00
  0.1183000E+00 -0.3057690E+00
  0.1240000E+00 -0.4293896E+00
  0.1297000E+00 -0.6005028E+00
  0.1354000E+00 -0.8363642E+00
  0.1411000E+00 -0.1160123E+01
  0.1468000E+00 -0.1602700E+01
  0.1525000E+00 -0.2205215E+01
  0.1582000E+00 -0.3022118E+01
  0.1639000E+00 -0.4125194E+01
  0.1696000E+00 -0.5608680E+01
  0.1753000E+00 -0.7595752E+01
  0.1810000E+00 -0.1024673E+02
  0.1867000E+00 -0.1376939E+02
  0.1924000E+00 -0.1843186E+02
  0.1981000E+00 -0.2457868E+02
  0.2038000E+00 -0.3265076E+02
  0.2095000E+00 -0.4320988E+02
  0.2152000E+00 -0.5696886E+02
  0.2209000E+00 -0.7482839E+02
  0.2266000E+00 -0.9792172E+02
  0.2323000E+00 -0.1276688E+03
  0.2380000E+00 -0.1658414E+03
  0.2437000E+00 -0.2146409E+03
  0.2494000E+00 -0.2767911E+03
  0.2551000E+00 -0.3556485E+03
  0.2608000E+00 -0.4553312E+03
  0.2665000E+00 -0.5808713E+03
  0.2722000E+00 -0.7383919E+03
  0.2779000E+00 -0.9353120E+03
  0.2836000E+00 -0.1180583E+04
  0.2893000E+00 -0.1484962E+04
  0.2950000E+00 -0.1861316E+04
  0.3007000E+00 -0.2324976E+04
  0.3064000E+00 -0.2894130E+04
  0.3121000E+00 -0.3590258E+04
  0.3178000E+00 -0.4438625E+04
  0.3235000E+00 -0.5468816E+04
  0.3292000E+00 -0.6715322E+04
  0.3349000E+00 -0.8218176E+04
  0.3406000E+00 -0.1002364E+05
  0.3463000E+00 -0.1218492E+05
  0.3520000E+00 -0.1476296E+05
  0.3577000E+00 -0.1782720E+05
  0.3634000E+00 -0.2145641E+05
  0.3691000E+00 -0.2573952E+05
  0.3748000E+00 -0.3077644E+05
  0.3805000E+00 -0.3667884E+05
  0.3862000E+00 -0.4357089E+05
  0.3919000E+00 -0.5158996E+05
  0.3976000E+00 -0.6088717E+05
  0.4033000E+00 -0.7162784E+05
  0.4090000E+00 -0.8399179E+05
  0.4147000E+00 -0.9817339E+05
  0.4204000E+00 -0.1143814E+06
  0.4261000E+00 -0.1328386E+06
  0.4318000E+00 -0.1537808E+06
  0.4375000E+00 -0.1774561E+06
  0.4432000E+00 -0.2041230E+06
  0.4489000E+00 -0.2340486E+06
  0.4546000E+00 -0.2675062E+06
  0.4603000E+00 -0.3047722E+06
  0.4660000E+00 -0.3461226E+06
  0.4717000E+00 -0.3918293E+06
  0.4774000E+00 -0.4421551E+06
  0.4831000E+00 -0.4973488E+06
  0.4888000E+00 -0.5576395E+06
  0.4945000E+00 -0.6232306E+06
  0.5002000E+00 -0.6942929E+06
  0.5059000E+00 -0.7709578E+06
  0.5116000E+00 -0.8533099E+06
  0.5173000E+00 -0.9413799E+06
  0.5230000E+00 -0.1035136E+07
  0.5287000E+00 -0.1134479E+07
  0.5344000E+00 -0.1239229E+07
  0.5401000E+00 -0.1349126E+07
  0.5458000E+00 -0.1463819E+07
  0.5515000E+00 -0.1582860E+07
  0.5572000E+00 -0.1705701E+07
  0.5629000E+00 -0.1831687E+07
  0.5686000E+00 -0.1960060E+07
  0.5743000E+00 -0.2089950E+07
  0.5800000E+00 -0.2220381E+07
  0.5857000E+00 -0.2350273E+07
  0.5914000E+00 -0.2478443E+07
  0.5971000E+00 -0.2603618E+07
  0.6028000E+00 -0.2724435E+07
  0.6085000E+00 -0.2839462E+07
  0.6142000E+00 -0.2947204E+07
  0.6199000E+00 -0.3046120E+07
  0.6256000E+00 -0.3134644E+07
  0.6313000E+00 -0.3211200E+07
  0.6370000E+00 -0.3274228E+07
  0.6427000E+00 -0.3322205E+07
  0.6484000E+00 -0.3353667E+07
  0.6541000E+00 -0.3367242E+07
  0.6598000E+00 -0.3361667E+07
  0.6655000E+00 -0.3335992E+07
  0.6712000E+00 -0.3289088E+07
  0.6769000E+00 -0.3220191E+07
  0.6826000E+00 -0.3128747E+07
  0.6883000E+00 -0.3014444E+07
  0.6940000E+00 -0.2877224E+07
  0.6997000E+00 -0.2717304E+07
  0.7054000E+00 -0.2535191E+07
  0.7111000E+00 -0.2331686E+07
  0.7168000E+00 -0.2107898E+07
  0.7225000E+00 -0.1865239E+07
  0.7282000E+00 -0.1605424E+07
  0.7339000E+00 -0.1330463E+07
  0.7396000E+00 -0.1042644E+07
  0.7453000E+00 -0.7445170E+06
  0.7510000E+00 -0.4388696E+06
  0.7567000E+00 -0.1286982E+06
  0.7624000E+00  0.1828257E+06
  0.7681000E+00  0.4923930E+06
  0.7738000E+00  0.7965992E+06
  0.7795000E+00  0.1091989E+07
  0.7852000E+00  0.1375105E+07
  0.7909000E+00  0.1642534E+07
  0.7966000E+00  0.1890964E+07
  0.8023000E+00  0.2117229E+07
  0.8080000E+00  0.2318365E+07
  0.8137000E+00  0.2491653E+07
  0.8194000E+00  0.2634673E+07
  0.8251000E+00  0.2745344E+07
  0.8308000E+00  0.2821964E+07
  0.8365000E+00  0.2863244E+07
  0.8422000E+00  0.2868342E+07
  0.8479000E+00  0.2836880E+07
  0.8536000E+00  0.2768964E+07
  0.8593000E+00  0.2665195E+07
  0.8650000E+00  0.2526664E+07
  0.8707000E+00  0.2354953E+07
  0.8764000E+00  0.2152120E+07
  0.8821000E+00  0.1920672E+07
  0.8878000E+00  0.1663543E+07
  0.8935000E+00  0.1384053E+07
  0.8992000E+00  0.1085865E+07
  0.9049000E+00  0.7729421E+06
  0.9106000E+00  0.4494843E+06
  0.9163000E+00  0.1198760E+06
  0.9220000E+00 -0.2113785E+06
  0.9277000E+00 -0.5397203E+06
  0.9334000E+00 -0.8606019E+06
  0.9391000E+00 -0.1169554E+07
  0.9448000E+00 -0.1462254E+07
  0.9505000E+00 -0.1734587E+07
  0.9562000E+00 -0.1982712E+07
  0.9619000E+00 -0.2203115E+07
  0.9676000E+00 -0.2392668E+07
  0.9733000E+00 -0.2548673E+07
  0.9790000E+00 -0.2668903E+07
  0.9847000E+00 -0.2751638E+07
  0.9904000E+00 -0.2795691E+07
  0.9961000E+00 -0.2800426E+07
  0.1001800E+01 -0.2765766E+07
  0.1007500E+01 -0.2692197E+07
  0.1013200E+01 -0.2580761E+07
  0.1018900E+01 -0.2433038E+07
  0.1024600E+01 -0.2251123E+07
  0.1030300E+01 -0.2037595E+07
  0.1036000E+01 -0.1795478E+07
  0.1041700E+01 -0.1528197E+07
  0.1047400E+01 -0.1239523E+07
  0.1053100E+01 -0.9335222E+06
  0.1058800E+01 -0.6144925E+06
  0.1064500E+01 -0.2869014E+06
  0.1070200E+01  0.4467959E+05
  0.1075900E+01  0.3756405E+06
  0.1081600E+01  0.7013996E+06
  0.1087300E+01  0.1017469E+07
  0.1093000E+01  0.1319516E+07
  0.1098700E+01  0.1603426E+07
  0.1104400E+01  0.1865358E+07
  0.1110100E+01  0.2101796E+07
  0.1115800E+01  0.2309595E+07
  0.1121500E+01  0.2486025E+07
  0.1127200E+01  0.2628799E+07
  0.1132900E+01  0.2736108E+07
  0.1138600E+01  0.2806635E+07
  0.1144300E+01  0.2839571E+07
  0.1150000E+01  0.2834619E+07
  0.1155700E+01  0.2791996E+07
  0.1161400E+01  0.2712416E+07
  0.1167100E+01  0.2597084E+07
  0.1172800E+01  0.2447667E+07
  0.1178500E+01  0.2266266E+07
  0.1184200E+01  0.2055386E+07
  0.1189900E+01  0.1817895E+07
  0.1195600E+01  0.1556977E+07
  0.1201300E+01  0.1276094E+07
  0.1207000E+01  0.9789284E+06
  0.1212700E+01  0.6693348E+06
  0.1218400E+01  0.3512879E+06
  0.1224100E+01  0.2882790E+05
  0.1229800E+01 -0.2939923E+06
  0.1235500E+01 -0.6131593E+06
  0.1241200E+01 -0.9247496E+06
  0.1246900E+01 -0.1224978E+07
  0.1252600E+01 -0.1510243E+07
  0.1258300E+01 -0.1777170E+07
  0.1264000E+01 -0.2022646E+07
  0.1269700E+01 -0.2243857E+07
  0.1275400E+01 -0.2438317E+07
  0.1281100E+01 -0.2603890E+07
  0.1286800E+01 -0.2738812E+07
  0.1292500E+01 -0.2841705E+07
  0.1298200E+01 -0.2911583E+07
  0.1303900E+01 -0.2947861E+07
  0.1309600E+01 -0.2950352E+07
  0.1315300E+01 -0.2919259E+07
  0.1321000E+01 -0.2855167E+07
  0.1326700E+01 -0.2759030E+07
  0.1332400E+01 -0.2632147E+07
  0.1338100E+01 -0.2476147E+07
  0.1343800E+01 -0.2292954E+07
  0.1349500E+01 -0.2084770E+07
  0.1355200E+01 -0.1854033E+07
  0.1360900E+01 -0.1603393E+07
  0.1366600E+01 -0.1335674E+07
  0.1372300E+01 -0.1053838E+07
  0.1378000E+01 -0.7609522E+06
  0.1383700E+01 -0.4601513E+06
  0.1389400E+01 -0.1546029E+06
  0.1395100E+01  0.1525276E+06
  0.1400800E+01  0.4581102E+06
  0.1406500E+01  0.7590827E+06
  0.1412200E+01  0.1052481E+07
  0.1417900E+01  0.1335468E+07
  0.1423600E+01  0.1605357E+07
  0.1429300E+01  0.1859640E+07
  0.1435000E+01  0.2096005E+07
  0.1440700E+01  0.2312354E+07
  0.1446400E+01  0.2506821E+07
  0.1452100E+01  0.2677783E+07
  0.1457800E+01  0.2823867E+07
  0.1463500E+01  0.2943961E+07
  0.1469200E+01  0.3037214E+07
  0.1474900E+01  0.3103040E+07
  0.1480600E+01  0.3141114E+07
  0.1486300E+01  0.3151367E+07
  0.1492000E+01  0.3133983E+07
  0.1497700E+01  0.3089386E+07
  0.1503400E+01  0.3018232E+07
  0.1509100E+01  0.2921395E+07
  0.1514800E+01  0.2799952E+07
  0.1520500E+01  0.2655170E+07
  0.1526200E+01  0.2488486E+07
  0.1531900E+01  0.2301491E+07
  0.1537600E+01  0.2095910E+07
  0.1543300E+01  0.1873586E+07
  0.1549000E+01  0.1636456E+07
  0.1554700E+01  0.1386537E+07
  0.1560400E+01  0.1125901E+07
  0.1566100E+01  0.8566602E+06
  0.1571800E+01  0.5809458E+06
  0.1577500E+01  0.3008914E+06
  0.1583200E+01  0.1861503E+05
  0.1588900E+01 -0.2637972E+06
  0.1594600E+01 -0.5443066E+06
  0.1600300E+01 -0.8209366E+06
  0.1606000E+01 -0.1091786E+07
  0.1611700E+01 -0.1355039E+07
  0.1617400E+01 -0.1608982E+07
  0.1623100E+01 -0.1852005E+07
  0.1628800E+01 -0.2082616E+07
  0.1634500E+01 -0.2299446E+07
  0.1640200E+01 -0.2501253E+07
  0.1645900E+01 -0.2686931E+07
  0.1651600E+01 -0.2855506E+07
  0.1657300E+01 -0.3006146E+07
  0.1663000E+01 -0.3138155E+07
  0.1668700E+01 -0.3250977E+07
  0.1674400E+01 -0.3344192E+07
  0.1680100E+01 -0.3417515E+07
  0.1685800E+01 -0.3470793E+07
  0.1691500E+01 -0.3503998E+07
  0.1697200E+01 -0.3517226E+07
  0.1702900E+01 -0.3510691E+07
  0.1708600E+01 -0.3484715E+07
  0.1714300E+01 -0.3439726E+07
  0.1720000E+01 -0.3376249E+07
  0.1725700E+01 -0.3294897E+07
  0.1731400E+01 -0.3196368E+07
  0.1737100E+01 -0.3081431E+07
  0.1742800E+01 -0.2950922E+07
  0.1748500E+01 -0.2805738E+07
  0.1754200E+01 -0.2646823E+07
  0.1759900E+01 -0.2475164E+07
  0.1765600E+01 -0.2291783E+07
  0.1771300E+01 -0.2097729E+07
  0.1777000E+01 -0.1894069E+07
  0.1782700E+01 -0.1681885E+07
  0.1788400E+01 -0.1462261E+07
  0.1794100E+01 -0.1236282E+07
  0.1799800E+01 -0.1005027E+07
  0.1805500E+01 -0.7695583E+06
  0.1811200E+01 -0.5309228E+06
  0.1816900E+01 -0.2901428E+06
  0.1822600E+01 -0.4821281E+05
  0.1828300E+01  0.1939046E+06
  0.1834000E+01  0.4352827E+06
  0.1839700E+01  0.6750338E+06
  0.1845400E+01  0.9123123E+06
  0.1851100E+01  0.1146317E+07
  0.1856800E+01  0.1376292E+07
  0.1862500E+01  0.1601531E+07
  0.1868200E+01  0.1821376E+07
  0.1873900E+01  0.2035219E+07
  0.1879600E+01  0.2242504E+07
  0.1885300E+01  0.2442725E+07
  0.1891000E+01  0.2635426E+07
  0.1896700E+01  0.2820203E+07
  0.1902400E+01  0.2996702E+07
  0.1908100E+01  0.3164618E+07
  0.1913800E+01  0.3323691E+07
  0.1919500E+01  0.3473713E+07
  0.1925200E+01  0.3614516E+07
  0.1930900E+01  0.3745979E+07
  0.1936600E+01  0.3868021E+07
  0.1942300E+01  0.3980603E+07
  0.1948000E+01  0.4083720E+07
  0.1953700E+01  0.4177408E+07
  0.1959400E+01  0.4261732E+07
  0.1965100E+01  0.4336792E+07
  0.1970800E+01  0.4402716E+07
  0.1976500E+01  0.4459660E+07
  0.1982200E+01  0.4507803E+07
  0.1987900E+01  0.4547348E+07
  0.1993600E+01  0.4578520E+07
  0.1999300E+01  0.4601562E+07
  0.2005000E+01  0.4616730E+07
  0.2010700E+01  0.4624299E+07
  0.2016400E+01  0.4624555E+07
  0.2022100E+01  0.4617792E+07
  0.2027800E+01  0.4604316E+07
  0.2033500E+01  0.4584437E+07
  0.2039200E+01  0.4558474E+07
  0.2044900E+01  0.4526745E+07
  0.2050600E+01  0.4489574E+07
  0.2056300E+01  0.4447283E+07
  0.2062000E+01  0.4400195E+07
  0.2067700E+01  0.4348630E+07
  0.2073400E+01  0.4292907E+07
  0.2079100E+01  0.4233338E+07
  0.2084800E+01  0.4170233E+07
  0.2090500E+01  0.4103894E+07
  0.2096200E+01  0.4034618E+07
  0.2101900E+01  0.3962692E+07
  0.2107600E+01  0.3888399E+07
  0.2113300E+01  0.3812010E+07
  0.2119000E+01  0.3733788E+07
  0.2124700E+01  0.3653987E+07
  0.2130400E+01  0.3572853E+07
  0.2136100E+01  0.3490618E+07
  0.2141800E+01  0.3407506E+07
  0.2147500E+01  0.3323733E+07
  0.2153200E+01  0.3239500E+07
  0.2158900E+01  0.3155000E+07
  0.2164600E+01  0.3070417E+07
  0.2170300E+01  0.2985921E+07
  0.2176000E+01  0.2901675E+07
  0.2181700E+01  0.2817830E+07
  0.2187400E+01  0.2734527E+07
  0.2193100E+01  0.2651898E+07
  0.2198800E+01  0.2570064E+07
  0.2204500E+01  0.2489138E+07
  0.2210200E+01  0.2409224E+07
  0.2215900E+01  0.2330415E+07
  0.2221600E+01  0.2252798E+07
  0.2227300E+01  0.2176450E+07
  0.2233000E+01  0.2101440E+07
  0.2238700E+01  0.2027830E+07
  0.2244400E+01  0.1955676E+07
  0.2250100E+01  0.1885023E+07
  0.2255800E+01  0.1815913E+07
  0.2261500E+01  0.1748381E+07
  0.2267200E+01  0.1682455E+07
  0.2272900E+01  0.1618157E+07
  0.2278600E+01  0.1555505E+07
  0.2284300E+01  0.1494511E+07
  0.2290000E+01  0.1435183E+07
  0.2295700E+01  0.1377524E+07
  0.2301400E+01  0.1321532E+07
  0.2307100E+01  0.1267203E+07
  0.2312800E+01  0.1214529E+07
  0.2318500E+01  0.1163498E+07
  0.2324200E+01  0.1114096E+07
  0.2329900E+01  0.1066304E+07
  0.2335600E+01  0.1020103E+07
  0.2341300E+01  0.9754707E+06
  0.2347000E+01  0.9323832E+06
  0.2352700E+01  0.8908142E+06
  0.2358400E+01  0.8507361E+06
  0.2364100E+01  0.8121198E+06
  0.2369800E+01  0.7749349E+06
  0.2375500E+01  0.7391502E+06
  0.2381200E+01  0.7047333E+06
  0.2386900E+01  0.6716512E+06
  0.2392600E+01  0.6398703E+06
  0.2398300E+01  0.6093564E+06
  0.2404000E+01  0.5800752E+06
  0.2409700E+01  0.5519920E+06
  0.2415400E+01  0.5250720E+06
  0.2421100E+01  0.4992804E+06
  0.2426800E+01  0.4745827E+06
  0.2432500E+01  0.4509441E+06
  0.2438200E+01  0.4283306E+06
  0.2443900E+01  0.4067080E+06
  0.2449600E+01  0.3860429E+06
  0.2455300E+01  0.3663020E+06
  0.2461000E+01  0.3474529E+06
  0.2466700E+01  0.3294632E+06
  0.2472400E+01  0.3123015E+06
  0.2478100E+01  0.2959370E+06
  0.2483800E+01  0.2803392E+06
  0.2489500E+01  0.2654787E+06
  0.2495200E+01  0.2513264E+06
  0.2500900E+01  0.2378543E+06
  0.2506600E+01  0.2250348E+06
  0.2512300E+01  0.2128412E+06
  0.2518000E+01  0.2012476E+06
  0.2523700E+01  0.1902287E+06
  0.2529400E+01  0.1797600E+06
  0.2535100E+01  0.1698179E+06
  0.2540800E+01  0.1603793E+06
  0.2546500E+01  0.1514221E+06
  0.2552200E+01  0.1429248E+06
  0.2557900E+01  0.1348666E+06
  0.2563600E+01  0.1272277E+06
  0.2569300E+01  0.1199885E+06
  0.2575000E+01  0.1131308E+06
  0.2580700E+01  0.1066364E+06
  0.2586400E+01  0.1004882E+06
  0.2592100E+01  0.9466978E+05
  0.2597800E+01  0.8916513E+05
  0.2603500E+01  0.8395903E+05
  0.2609200E+01  0.7903685E+05
  0.2614900E+01  0.7438458E+05
  0.2620600E+01  0.6998877E+05
  0.2626300E+01  0.6583655E+05
  0.2632000E+01  0.6191562E+05
  0.2637700E+01  0.5821419E+05
  0.2643400E+01  0.5472100E+05
  0.2649100E+01  0.5142530E+05
  0.2654800E+01  0.4831682E+05
  0.2660500E+01  0.4538576E+05
  0.2666200E+01  0.4262276E+05
  0.2671900E+01  0.4001891E+05
  0.2677600E+01  0.3756571E+05
  0.2683300E+01  0.3525508E+05
  0.2689000E+01  0.3307932E+05
  0.2694700E+01  0.3103109E+05
  0.2700400E+01  0.2910342E+05
  0.2706100E+01  0.2728968E+05
  0.2711800E+01  0.2558359E+05
  0.2717500E+01  0.2397915E+05
  0.2723200E+01  0.2247068E+05
  0.2728900E+01  0.2105280E+05
  0.2734600E+01  0.1972039E+05
  0.2740300E+01  0.1846859E+05
  0.2746000E+01  0.1729283E+05
  0.2751700E+01  0.1618872E+05
  0.2757400E+01  0.1515216E+05
  0.2763100E+01  0.1417924E+05
  0.2768800E+01  0.1326625E+05
  0.2774500E+01  0.1240970E+05
  0.2780200E+01  0.1160627E+05
  0.2785900E+01  0.1085285E+05
  0.2791600E+01  0.1014647E+05
  0.2797300E+01  0.9484340E+04
  0.2803000E+01  0.8863819E+04
  0.2808700E+01  0.8282416E+04
  0.2814400E+01  0.7737780E+04
  0.2820100E+01  0.7227691E+04
  0.2825800E+01  0.6750057E+04
  0.2831500E+01  0.6302902E+04
  0.2837200E+01  0.5884366E+04
  0.2842900E+01  0.5492696E+04
  0.2848600E+01  0.5126239E+04
  0.2854300E+01  0.4783439E+04
  0.2860000E+01  0.4462830E+04
  0.2865700E+01  0.4163033E+04
  0.2871400E+01  0.3882750E+04
  0.2877100E+01  0.3620761E+04
  0.2882800E+01  0.3375915E+04
  0.2888500E+01  0.3147134E+04
  0.2894200E+01  0.2933402E+04
  0.2899900E+01  0.2733765E+04
  0.2905600E+01  0.2547327E+04
  0.2911300E+01  0.2373246E+04
  0.2917000E+01  0.2210731E+04
  0.2922700E+01  0.2059039E+04
  0.2928400E+01  0.1917475E+04
  0.2934100E+01  0.1785383E+04
  0.2939800E+01  0.1662152E+04
  0.2945500E+01  0.1547206E+04
  0.2951200E+01  0.1440005E+04
  0.2956900E+01  0.1340044E+04
  0.2962600E+01  0.1246849E+04
  0.2968300E+01  0.1159975E+04
  0.2974000E+01  0.1079007E+04
  0.2979700E+01  0.1003555E+04
  0.2985400E+01  0.9332544E+03
  0.2991100E+01  0.8677631E+03
  0.2996800E+01  0.8067616E+03
  0.3002500E+01  0.7499505E+03
  0.3008200E+01  0.6970500E+03
  0.3013900E+01  0.6477980E+03
  0.3019600E+01  0.6019497E+03
  0.3025300E+01  0.5592760E+03
  0.3031000E+01  0.5195628E+03
  0.3036700E+01  0.4826099E+03
  0.3042400E+01  0.4482304E+03
  0.3048100E+01  0.4162494E+03
  0.3053800E+01  0.3865038E+03
  0.3059500E+01  0.3588410E+03
  0.3065200E+01  0.3331188E+03
  0.3070900E+01  0.3092042E+03
  0.3076600E+01  0.2869731E+03
  0.3082300E+01  0.2663097E+03
  0.3088000E+01  0.2471060E+03
  0.3093700E+01  0.2292612E+03
  0.3099400E+01  0.2126812E+03
  0.3105100E+01  0.1972784E+03
  0.3110800E+01  0.1829710E+03
  0.3116500E+01  0.1696826E+03
  0.3122200E+01  0.1573424E+03
  0.3127900E+01  0.1458839E+03
  0.3133600E+01  0.1352455E+03
  0.3139300E+01  0.1253697E+03
  0.3145000E+01  0.1162030E+03
  0.3150700E+01  0.1076953E+03
  0.3156400E+01  0.9980028E+02
  0.3162100E+01  0.9247463E+02
  0.3167800E+01  0.8567806E+02
  0.3173500E+01  0.7937309E+02
  0.3179200E+01  0.7352481E+02
  0.3184900E+01  0.6810074E+02
  0.3190600E+01  0.6307068E+02
  0.3196300E+01  0.5840651E+02
  0.3202000E+01  0.5408209E+02
  0.3207700E+01  0.5007310E+02
  0.3213400E+01  0.4635693E+02
  0.3219100E+01  0.4291255E+02
  0.3224800E+01  0.3972043E+02
  0.3230500E+01  0.3676238E+02
  0.3236200E+01  0.3402154E+02
  0.3241900E+01  0.3148221E+02
  0.3247600E+01  0.2912980E+02
  0.3253300E+01  0.2695079E+02
  0.3259000E+01  0.2493259E+02
  0.3264700E+01  0.2306351E+02
  0.3270400E+01  0.2133271E+02
  0.3276100E+01  0.1973011E+02
  0.3281800E+01  0.1824636E+02
  0.3287500E+01  0.1687277E+02
  0.3293200E+01  0.1560128E+02
  0.3298900E+01  0.1442442E+02
  0.3304600E+01  0.1333523E+02
  0.3310300E+01  0.1232730E+02
  0.3316000E+01  0.1139462E+02
  0.3321700E+01  0.1053168E+02
  0.3327400E+01  0.9733311E+01
  0.3333100E+01  0.8994761E+01
  0.3338800E+01  0.8311604E+01
  0.3344500E+01  0.7679740E+01
  0.3350200E+01  0.7095368E+01
  0.3355900E+01  0.6554966E+01
  0.3361600E+01  0.6055266E+01
  0.3367300E+01  0.5593242E+01
  0.3373000E+01  0.5166089E+01
  0.3378700E+01  0.4771208E+01
  0.3384400E+01  0.4406190E+01
  0.3390100E+01  0.4068803E+01
  0.3395800E+01  0.3756982E+01
  0.3401500E+01  0.3468812E+01
  0.3407200E+01  0.3202521E+01
  0.3412900E+01  0.2956465E+01
  0.3418600E+01  0.2729126E+01
  0.3424300E+01  0.2519096E+01
  0.3430000E+01  0.2325071E+01
  0.3435700E+01  0.2145846E+01
  0.3441400E+01  0.1980303E+01
  0.3447100E+01  0.1827411E+01
  0.3452800E+01  0.1686212E+01
  0.3458500E+01  0.1555821E+01
  0.3464200E+01  0.1435421E+01
  0.3469900E+01  0.1324253E+01
  0.3475600E+01  0.1221617E+01
  0.3481300E+01  0.1126865E+01
  0.3487000E+01  0.1039397E+01
  0.3492700E+01  0.9586586E+00
  0.3498400E+01  0.8841377E+00
  0.3504100E+01  0.8153601E+00
  0.3509800E+01  0.7518872E+00
  0.3515500E+01  0.6933139E+00
  0.3521200E+01  0.6392656E+00
  0.3526900E+01  0.5893959E+00
  0.3532600E+01  0.5433849E+00
  0.3538300E+01  0.5009366E+00
  0.3544000E+01  0.4617778E+00
  0.3549700E+01  0.4256557E+00
  0.3555400E+01  0.3923371E+00
  0.3561100E+01  0.3616062E+00
  0.3566800E+01  0.3332639E+00
  0.3572500E+01  0.3071261E+00
  0.3578200E+01  0.2830227E+00
  0.3583900E+01  0.2607968E+00
  0.3589600E+01  0.2403034E+00
  0.3595300E+01  0.2214085E+00
  0.3601000E+01  0.2039884E+00
  0.3606700E+01  0.1879291E+00
  0.3612400E+01  0.1731250E+00
  0.3618100E+01  0.1594788E+00
  0.3623800E+01  0.1469006E+00
  0.3629500E+01  0.1353076E+00
  0.3635200E+01  0.1246232E+00
  0.3640900E+01  0.1147766E+00
  0.3646600E+01  0.1057027E+00
  0.3652300E+01  0.9734129E-01
  0.3658000E+01  0.8963685E-01
  0.3663700E+01  0.8253812E-01
  0.3669400E+01  0.7599782E-01
  0.3675100E+01  0.6997233E-01
  0.3680800E+01  0.6442142E-01
  0.3686500E+01  0.5930794E-01
  0.3692200E+01  0.5459768E-01
  0.3697900E+01  0.5025902E-01
  0.3703600E+01  0.4626286E-01
  0.3709300E+01  0.4258232E-01
  0.3715000E+01  0.3919263E-01
  0.3720700E+01  0.3607093E-01
  0.3726400E+01  0.3319616E-01
  0.3732100E+01  0.3054890E-01
  0.3737800E+01  0.2811123E-01
  0.3743500E+01  0.2586664E-01
  0.3749200E+01  0.2379991E-01
  0.3754900E+01  0.2189700E-01
  0.3760600E+01  0.2014499E-01
  0.3766300E+01  0.1853193E-01
  0.3772000E+01  0.1704684E-01
  0.3777700E+01  0.1567959E-01
  0.3783400E+01  0.1442083E-01
  0.3789100E+01  0.1326197E-01
  0.3794800E+01  0.1219506E-01
  0.3800500E+01  0.1121279E-01
  0.3806200E+01  0.1030843E-01
  0.3811900E+01  0.9475755E-02
  0.3817600E+01  0.8709045E-02
  0.3823300E+01  0.8003022E-02
  0.3829000E+01  0.7352818E-02
  0.3834700E+01  0.6753947E-02
  0.3840400E+01  0.6202274E-02
  0.3846100E+01  0.5693984E-02
  0.3851800E+01  0.5225558E-02
  0.3857500E+01  0.4793751E-02
  0.3863200E+01  0.4395568E-02
  0.3868900E+01  0.4028243E-02
  0.3874600E+01  0.3689223E-02
  0.3880300E+01  0.3376149E-02
  0.3886000E+01  0.3086841E-02
  0.3891700E+01  0.2819280E-02
  0.3897400E+01  0.2571599E-02
  0.3903100E+01  0.2342067E-02
  0.3908800E+01  0.2129078E-02
  0.3914500E+01  0.1931141E-02
  0.3920200E+01  0.1746868E-02
  0.3925900E+01  0.1574964E-02
  0.3931600E+01  0.1414223E-02
  0.3937300E+01  0.1263512E-02
  0.3943000E+01  0.1121771E-02
  0.3948700E+01  0.9879986E-03
  0.3954400E+01  0.8612513E-03
  0.3960100E+01  0.7406323E-03
  0.3965800E+01  0.6252874E-03
  0.3971500E+01  0.5143989E-03
  0.3977200E+01  0.4071790E-03
  0.3982900E+01  0.3028655E-03
  0.3988600E+01  0.2007154E-03
  0.3994300E+01  0.1000000E-03
  0.4000000E+01  0.0000000E+00
