  0.1000000E-01 -0.0000000E+00
  0.1570000E-01 -0.6306759E+03
  0.2140000E-01 -0.1375798E+04
  0.2710000E-01 -0.2365101E+04
  0.3280000E-01 -0.3764925E+04
  0.3850000E-01 -0.5803797E+04
  0.4420000E-01 -0.8805933E+04
  0.4990000E-01 -0.1323706E+05
  0.5560000E-01 -0.1976821E+05
  0.6130000E-01 -0.2936516E+05
  0.6700000E-01 -0.4341368E+05
  0.7270000E-01 -0.6389458E+05
  0.7840000E-01 -0.9362741E+05
  0.8410000E-01 -0.1366083E+06
  0.8980000E-01 -0.1984765E+06
  0.9550000E-01 -0.2871547E+06
  0.1012000E+00 -0.4137257E+06
  0.1069000E+00 -0.5936256E+06
  0.1126000E+00 -0.8482607E+06
  0.1183000E+00 -0.1207190E+07
  0.1240000E+00 -0.1711054E+07
  0.1297000E+00 -0.2415495E+07
  0.1354000E+00 -0.3396373E+07
  0.1411000E+00 -0.4756676E+07
  0.1468000E+00 -0.6635638E+07
  0.1525000E+00 -0.9220718E+07
  0.1582000E+00 -0.1276326E+08
  0.1639000E+00 -0.1759888E+08
  0.1696000E+00 -0.2417391E+08
  0.1753000E+00 -0.3307946E+08
  0.1810000E+00 -0.4509531E+08
  0.1867000E+00 -0.6124588E+08
  0.1924000E+00 -0.8287174E+08
  0.1981000E+00 -0.1117200E+09
  0.2038000E+00 -0.1500589E+09
  0.2095000E+00 -0.2008213E+09
  0.2152000E+00 -0.2677848E+09
  0.2209000E+00 -0.3557956E+09
  0.2266000E+00 -0.4710476E+09
  0.2323000E+00 -0.6214255E+09
  0.2380000E+00 -0.8169279E+09
  0.2437000E+00 -0.1070186E+10
  0.2494000E+00 -0.1397094E+10
  0.2551000E+00 -0.1817580E+10
  0.2608000E+00 -0.2356528E+10
  0.2665000E+00 -0.3044898E+10
  0.2722000E+00 -0.3921065E+10
  0.2779000E+00 -0.5032411E+10
  0.2836000E+00 -0.6437223E+10
  0.2893000E+00 -0.8206934E+10
  0.2950000E+00 -0.1042876E+11
  0.3007000E+00 -0.1320879E+11
  0.3064000E+00 -0.1667559E+11
  0.3121000E+00 -0.2098440E+11
  0.3178000E+00 -0.2632192E+11
  0.3235000E+00 -0.3291194E+11
  0.3292000E+00 -0.4102164E+11
  0.3349000E+00 -0.5096884E+11
  0.3406000E+00 -0.6313022E+11
  0.3463000E+00 -0.7795051E+11
  0.3520000E+00 -0.9595292E+11
  0.3577000E+00 -0.1177506E+12
  0.3634000E+00 -0.1440595E+12
  0.3691000E+00 -0.1757123E+12
  0.3748000E+00 -0.2136743E+12
  0.3805000E+00 -0.2590595E+12
  0.3862000E+00 -0.3131495E+12
  0.3919000E+00 -0.3774125E+12
  0.3976000E+00 -0.4535243E+12
  0.4033000E+00 -0.5433901E+12
  0.4090000E+00 -0.6491677E+12
  0.4147000E+00 -0.7732911E+12
  0.4204000E+00 -0.9184952E+12
  0.4261000E+00 -0.1087840E+13
  0.4318000E+00 -0.1284738E+13
  0.4375000E+00 -0.1512973E+13
  0.4432000E+00 -0.1776729E+13
  0.4489000E+00 -0.2080612E+13
  0.4546000E+00 -0.2429666E+13
  0.4603000E+00 -0.2829394E+13
  0.4660000E+00 -0.3285771E+13
  0.4717000E+00 -0.3805253E+13
  0.4774000E+00 -0.4394784E+13
  0.4831000E+00 -0.5061791E+13
  0.4888000E+00 -0.5814182E+13
  0.4945000E+00 -0.6660325E+13
  0.5002000E+00 -0.7609028E+13
  0.5059000E+00 -0.8669501E+13
  0.5116000E+00 -0.9851320E+13
  0.5173000E+00 -0.1116436E+14
  0.5230000E+00 -0.1261875E+14
  0.5287000E+00 -0.1422476E+14
  0.5344000E+00 -0.1599276E+14
  0.5401000E+00 -0.1793304E+14
  0.5458000E+00 -0.2005578E+14
  0.5515000E+00 -0.2237086E+14
  0.5572000E+00 -0.2488772E+14
  0.5629000E+00 -0.2761525E+14
  0.5686000E+00 -0.3056155E+14
  0.5743000E+00 -0.3373382E+14
  0.5800000E+00 -0.3713814E+14
  0.5857000E+00 -0.4077928E+14
  0.5914000E+00 -0.4466051E+14
  0.5971000E+00 -0.4878340E+14
  0.6028000E+00 -0.5314759E+14
  0.6085000E+00 -0.5775064E+14
  0.6142000E+00 -0.6258781E+14
  0.6199000E+00 -0.6765189E+14
  0.6256000E+00 -0.7293299E+14
  0.6313000E+00 -0.7841846E+14
  0.6370000E+00 -0.8409267E+14
  0.6427000E+00 -0.8993699E+14
  0.6484000E+00 -0.9592962E+14
  0.6541000E+00 -0.1020456E+15
  0.6598000E+00 -0.1082568E+15
  0.6655000E+00 -0.1145318E+15
  0.6712000E+00 -0.1208361E+15
  0.6769000E+00 -0.1271324E+15
  0.6826000E+00 -0.1333801E+15
  0.6883000E+00 -0.1395363E+15
  0.6940000E+00 -0.1455553E+15
  0.6997000E+00 -0.1513896E+15
  0.7054000E+00 -0.1569895E+15
  0.7111000E+00 -0.1623040E+15
  0.7168000E+00 -0.1672810E+15
  0.7225000E+00 -0.1718679E+15
  0.7282000E+00 -0.1760118E+15
  0.7339000E+00 -0.1796602E+15
  0.7396000E+00 -0.1827615E+15
  0.7453000E+00 -0.1852659E+15
  0.7510000E+00 -0.1871254E+15
  0.7567000E+00 -0.1882946E+15
  0.7624000E+00 -0.1887317E+15
  0.7681000E+00 -0.1883984E+15
  0.7738000E+00 -0.1872811E+15
  0.7795000E+00 -0.1853308E+15
  0.7852000E+00 -0.1825242E+15
  0.7909000E+00 -0.1788438E+15
  0.7966000E+00 -0.1742786E+15
  0.8023000E+00 -0.1688243E+15
  0.8080000E+00 -0.1624837E+15
  0.8137000E+00 -0.1552671E+15
  0.8194000E+00 -0.1471921E+15
  0.8251000E+00 -0.1382843E+15
  0.8308000E+00 -0.1285767E+15
  0.8365000E+00 -0.1181101E+15
  0.8422000E+00 -0.1069328E+15
  0.8479000E+00 -0.9510046E+14
  0.8536000E+00 -0.8267560E+14
  0.8593000E+00 -0.6972750E+14
  0.8650000E+00 -0.5633156E+14
  0.8707000E+00 -0.4256879E+14
  0.8764000E+00 -0.2852523E+14
  0.8821000E+00 -0.1429123E+14
  0.8878000E+00  0.3925856E+11
  0.8935000E+00  0.1436948E+14
  0.8992000E+00  0.2860070E+14
  0.9049000E+00  0.4263313E+14
  0.9106000E+00  0.5636672E+14
  0.9163000E+00  0.6970217E+14
  0.9220000E+00  0.8254178E+14
  0.9277000E+00  0.9479038E+14
  0.9334000E+00  0.1063562E+15
  0.9391000E+00  0.1171519E+15
  0.9448000E+00  0.1270951E+15
  0.9505000E+00  0.1361095E+15
  0.9562000E+00  0.1441252E+15
  0.9619000E+00  0.1510800E+15
  0.9676000E+00  0.1569193E+15
  0.9733000E+00  0.1615971E+15
  0.9790000E+00  0.1650764E+15
  0.9847000E+00  0.1673294E+15
  0.9904000E+00  0.1683378E+15
  0.9961000E+00  0.1680930E+15
  0.1001800E+01  0.1665963E+15
  0.1007500E+01  0.1638589E+15
  0.1013200E+01  0.1599013E+15
  0.1018900E+01  0.1547540E+15
  0.1024600E+01  0.1484563E+15
  0.1030300E+01  0.1410565E+15
  0.1036000E+01  0.1326114E+15
  0.1041700E+01  0.1231855E+15
  0.1047400E+01  0.1128507E+15
  0.1053100E+01  0.1016855E+15
  0.1058800E+01  0.8977414E+14
  0.1064500E+01  0.7720630E+14
  0.1070200E+01  0.6407590E+14
  0.1075900E+01  0.5048040E+14
  0.1081600E+01  0.3652004E+14
  0.1087300E+01  0.2229688E+14
  0.1093000E+01  0.7914056E+13
  0.1098700E+01 -0.6525160E+13
  0.1104400E+01 -0.2091813E+14
  0.1110100E+01 -0.3516368E+14
  0.1115800E+01 -0.4916288E+14
  0.1121500E+01 -0.6281977E+14
  0.1127200E+01 -0.7604209E+14
  0.1132900E+01 -0.8874189E+14
  0.1138600E+01 -0.1008362E+15
  0.1144300E+01 -0.1122474E+15
  0.1150000E+01 -0.1229040E+15
  0.1155700E+01 -0.1327408E+15
  0.1161400E+01 -0.1416994E+15
  0.1167100E+01 -0.1497282E+15
  0.1172800E+01 -0.1567830E+15
  0.1178500E+01 -0.1628271E+15
  0.1184200E+01 -0.1678310E+15
  0.1189900E+01 -0.1717730E+15
  0.1195600E+01 -0.1746386E+15
  0.1201300E+01 -0.1764208E+15
  0.1207000E+01 -0.1771197E+15
  0.1212700E+01 -0.1767426E+15
  0.1218400E+01 -0.1753033E+15
  0.1224100E+01 -0.1728222E+15
  0.1229800E+01 -0.1693257E+15
  0.1235500E+01 -0.1648461E+15
  0.1241200E+01 -0.1594207E+15
  0.1246900E+01 -0.1530920E+15
  0.1252600E+01 -0.1459067E+15
  0.1258300E+01 -0.1379155E+15
  0.1264000E+01 -0.1291726E+15
  0.1269700E+01 -0.1197352E+15
  0.1275400E+01 -0.1096629E+15
  0.1281100E+01 -0.9901742E+14
  0.1286800E+01 -0.8786184E+14
  0.1292500E+01 -0.7626037E+14
  0.1298200E+01 -0.6427775E+14
  0.1303900E+01 -0.5197887E+14
  0.1309600E+01 -0.3942831E+14
  0.1315300E+01 -0.2668994E+14
  0.1321000E+01 -0.1382656E+14
  0.1326700E+01 -0.8995170E+12
  0.1332400E+01  0.1203159E+14
  0.1338100E+01  0.2490924E+14
  0.1343800E+01  0.3767825E+14
  0.1349500E+01  0.5028601E+14
  0.1355200E+01  0.6268267E+14
  0.1360900E+01  0.7482139E+14
  0.1366600E+01  0.8665839E+14
  0.1372300E+01  0.9815317E+14
  0.1378000E+01  0.1092685E+15
  0.1383700E+01  0.1199707E+15
  0.1389400E+01  0.1302292E+15
  0.1395100E+01  0.1400172E+15
  0.1400800E+01  0.1493112E+15
  0.1406500E+01  0.1580910E+15
  0.1412200E+01  0.1663399E+15
  0.1417900E+01  0.1740444E+15
  0.1423600E+01  0.1811942E+15
  0.1429300E+01  0.1877819E+15
  0.1435000E+01  0.1938034E+15
  0.1440700E+01  0.1992572E+15
  0.1446400E+01  0.2041444E+15
  0.1452100E+01  0.2084687E+15
  0.1457800E+01  0.2122364E+15
  0.1463500E+01  0.2154556E+15
  0.1469200E+01  0.2181368E+15
  0.1474900E+01  0.2202922E+15
  0.1480600E+01  0.2219356E+15
  0.1486300E+01  0.2230825E+15
  0.1492000E+01  0.2237498E+15
  0.1497700E+01  0.2239554E+15
  0.1503400E+01  0.2237183E+15
  0.1509100E+01  0.2230585E+15
  0.1514800E+01  0.2219967E+15
  0.1520500E+01  0.2205538E+15
  0.1526200E+01  0.2187518E+15
  0.1531900E+01  0.2166123E+15
  0.1537600E+01  0.2141575E+15
  0.1543300E+01  0.2114096E+15
  0.1549000E+01  0.2083906E+15
  0.1554700E+01  0.2051225E+15
  0.1560400E+01  0.2016267E+15
  0.1566100E+01  0.1979247E+15
  0.1571800E+01  0.1940373E+15
  0.1577500E+01  0.1899848E+15
  0.1583200E+01  0.1857870E+15
  0.1588900E+01  0.1814631E+15
  0.1594600E+01  0.1770316E+15
  0.1600300E+01  0.1725102E+15
  0.1606000E+01  0.1679160E+15
  0.1611700E+01  0.1632653E+15
  0.1617400E+01  0.1585734E+15
  0.1623100E+01  0.1538551E+15
  0.1628800E+01  0.1491241E+15
  0.1634500E+01  0.1443935E+15
  0.1640200E+01  0.1396754E+15
  0.1645900E+01  0.1349813E+15
  0.1651600E+01  0.1303215E+15
  0.1657300E+01  0.1257059E+15
  0.1663000E+01  0.1211433E+15
  0.1668700E+01  0.1166421E+15
  0.1674400E+01  0.1122094E+15
  0.1680100E+01  0.1078522E+15
  0.1685800E+01  0.1035763E+15
  0.1691500E+01  0.9938698E+14
  0.1697200E+01  0.9528902E+14
  0.1702900E+01  0.9128641E+14
  0.1708600E+01  0.8738260E+14
  0.1714300E+01  0.8358048E+14
  0.1720000E+01  0.7988239E+14
  0.1725700E+01  0.7629021E+14
  0.1731400E+01  0.7280530E+14
  0.1737100E+01  0.6942863E+14
  0.1742800E+01  0.6616073E+14
  0.1748500E+01  0.6300176E+14
  0.1754200E+01  0.5995151E+14
  0.1759900E+01  0.5700949E+14
  0.1765600E+01  0.5417487E+14
  0.1771300E+01  0.5144657E+14
  0.1777000E+01  0.4882327E+14
  0.1782700E+01  0.4630342E+14
  0.1788400E+01  0.4388528E+14
  0.1794100E+01  0.4156694E+14
  0.1799800E+01  0.3934633E+14
  0.1805500E+01  0.3722126E+14
  0.1811200E+01  0.3518940E+14
  0.1816900E+01  0.3324835E+14
  0.1822600E+01  0.3139562E+14
  0.1828300E+01  0.2962867E+14
  0.1834000E+01  0.2794489E+14
  0.1839700E+01  0.2634165E+14
  0.1845400E+01  0.2481630E+14
  0.1851100E+01  0.2336616E+14
  0.1856800E+01  0.2198858E+14
  0.1862500E+01  0.2068088E+14
  0.1868200E+01  0.1944044E+14
  0.1873900E+01  0.1826463E+14
  0.1879600E+01  0.1715087E+14
  0.1885300E+01  0.1609661E+14
  0.1891000E+01  0.1509937E+14
  0.1896700E+01  0.1415667E+14
  0.1902400E+01  0.1326614E+14
  0.1908100E+01  0.1242543E+14
  0.1913800E+01  0.1163226E+14
  0.1919500E+01  0.1088440E+14
  0.1925200E+01  0.1017972E+14
  0.1930900E+01  0.9516117E+13
  0.1936600E+01  0.8891579E+13
  0.1942300E+01  0.8304152E+13
  0.1948000E+01  0.7751954E+13
  0.1953700E+01  0.7233172E+13
  0.1959400E+01  0.6746060E+13
  0.1965100E+01  0.6288941E+13
  0.1970800E+01  0.5860204E+13
  0.1976500E+01  0.5458307E+13
  0.1982200E+01  0.5081772E+13
  0.1987900E+01  0.4729185E+13
  0.1993600E+01  0.4399196E+13
  0.1999300E+01  0.4090517E+13
  0.2005000E+01  0.3801917E+13
  0.2010700E+01  0.3532227E+13
  0.2016400E+01  0.3280334E+13
  0.2022100E+01  0.3045177E+13
  0.2027800E+01  0.2825751E+13
  0.2033500E+01  0.2621103E+13
  0.2039200E+01  0.2430326E+13
  0.2044900E+01  0.2252564E+13
  0.2050600E+01  0.2087005E+13
  0.2056300E+01  0.1932881E+13
  0.2062000E+01  0.1789468E+13
  0.2067700E+01  0.1656081E+13
  0.2073400E+01  0.1532072E+13
  0.2079100E+01  0.1416833E+13
  0.2084800E+01  0.1309790E+13
  0.2090500E+01  0.1210402E+13
  0.2096200E+01  0.1118160E+13
  0.2101900E+01  0.1032585E+13
  0.2107600E+01  0.9532293E+12
  0.2113300E+01  0.8796698E+12
  0.2119000E+01  0.8115107E+12
  0.2124700E+01  0.7483805E+12
  0.2130400E+01  0.6899311E+12
  0.2136100E+01  0.6358365E+12
  0.2141800E+01  0.5857913E+12
  0.2147500E+01  0.5395101E+12
  0.2153200E+01  0.4967258E+12
  0.2158900E+01  0.4571889E+12
  0.2164600E+01  0.4206662E+12
  0.2170300E+01  0.3869404E+12
  0.2176000E+01  0.3558083E+12
  0.2181700E+01  0.3270808E+12
  0.2187400E+01  0.3005814E+12
  0.2193100E+01  0.2761458E+12
  0.2198800E+01  0.2536212E+12
  0.2204500E+01  0.2328650E+12
  0.2210200E+01  0.2137450E+12
  0.2215900E+01  0.1961380E+12
  0.2221600E+01  0.1799297E+12
  0.2227300E+01  0.1650138E+12
  0.2233000E+01  0.1512918E+12
  0.2238700E+01  0.1386721E+12
  0.2244400E+01  0.1270699E+12
  0.2250100E+01  0.1164065E+12
  0.2255800E+01  0.1066089E+12
  0.2261500E+01  0.9760963E+11
  0.2267200E+01  0.8934620E+11
  0.2272900E+01  0.8176070E+11
  0.2278600E+01  0.7479960E+11
  0.2284300E+01  0.6841339E+11
  0.2290000E+01  0.6255632E+11
  0.2295700E+01  0.5718609E+11
  0.2301400E+01  0.5226366E+11
  0.2307100E+01  0.4775298E+11
  0.2312800E+01  0.4362076E+11
  0.2318500E+01  0.3983630E+11
  0.2324200E+01  0.3637131E+11
  0.2329900E+01  0.3319967E+11
  0.2335600E+01  0.3029734E+11
  0.2341300E+01  0.2764218E+11
  0.2347000E+01  0.2521376E+11
  0.2352700E+01  0.2299332E+11
  0.2358400E+01  0.2096357E+11
  0.2364100E+01  0.1910862E+11
  0.2369800E+01  0.1741385E+11
  0.2375500E+01  0.1586581E+11
  0.2381200E+01  0.1445216E+11
  0.2386900E+01  0.1316156E+11
  0.2392600E+01  0.1198358E+11
  0.2398300E+01  0.1090865E+11
  0.2404000E+01  0.9928012E+10
  0.2409700E+01  0.9033595E+10
  0.2415400E+01  0.8218016E+10
  0.2421100E+01  0.7474499E+10
  0.2426800E+01  0.6796837E+10
  0.2432500E+01  0.6179338E+10
  0.2438200E+01  0.5616791E+10
  0.2443900E+01  0.5104421E+10
  0.2449600E+01  0.4637857E+10
  0.2455300E+01  0.4213099E+10
  0.2461000E+01  0.3826487E+10
  0.2466700E+01  0.3474671E+10
  0.2472400E+01  0.3154589E+10
  0.2478100E+01  0.2863441E+10
  0.2483800E+01  0.2598669E+10
  0.2489500E+01  0.2357932E+10
  0.2495200E+01  0.2139096E+10
  0.2500900E+01  0.1940209E+10
  0.2506600E+01  0.1759489E+10
  0.2512300E+01  0.1595311E+10
  0.2518000E+01  0.1446190E+10
  0.2523700E+01  0.1310772E+10
  0.2529400E+01  0.1187823E+10
  0.2535100E+01  0.1076216E+10
  0.2540800E+01  0.9749250E+09
  0.2546500E+01  0.8830138E+09
  0.2552200E+01  0.7996298E+09
  0.2557900E+01  0.7239963E+09
  0.2563600E+01  0.6554057E+09
  0.2569300E+01  0.5932136E+09
  0.2575000E+01  0.5368337E+09
  0.2580700E+01  0.4857321E+09
  0.2586400E+01  0.4394229E+09
  0.2592100E+01  0.3974643E+09
  0.2597800E+01  0.3594544E+09
  0.2603500E+01  0.3250275E+09
  0.2609200E+01  0.2938514E+09
  0.2614900E+01  0.2656239E+09
  0.2620600E+01  0.2400707E+09
  0.2626300E+01  0.2169423E+09
  0.2632000E+01  0.1960121E+09
  0.2637700E+01  0.1770743E+09
  0.2643400E+01  0.1599422E+09
  0.2649100E+01  0.1444461E+09
  0.2654800E+01  0.1304320E+09
  0.2660500E+01  0.1177603E+09
  0.2666200E+01  0.1063043E+09
  0.2671900E+01  0.9594885E+08
  0.2677600E+01  0.8658981E+08
  0.2683300E+01  0.7813259E+08
  0.2689000E+01  0.7049148E+08
  0.2694700E+01  0.6358878E+08
  0.2700400E+01  0.5735408E+08
  0.2706100E+01  0.5172358E+08
  0.2711800E+01  0.4663949E+08
  0.2717500E+01  0.4204947E+08
  0.2723200E+01  0.3790611E+08
  0.2728900E+01  0.3416648E+08
  0.2734600E+01  0.3079174E+08
  0.2740300E+01  0.2774672E+08
  0.2746000E+01  0.2499959E+08
  0.2751700E+01  0.2252156E+08
  0.2757400E+01  0.2028657E+08
  0.2763100E+01  0.1827108E+08
  0.2768800E+01  0.1645377E+08
  0.2774500E+01  0.1481538E+08
  0.2780200E+01  0.1333850E+08
  0.2785900E+01  0.1200737E+08
  0.2791600E+01  0.1080778E+08
  0.2797300E+01  0.9726861E+07
  0.2803000E+01  0.8753010E+07
  0.2808700E+01  0.7875732E+07
  0.2814400E+01  0.7085550E+07
  0.2820100E+01  0.6373909E+07
  0.2825800E+01  0.5733082E+07
  0.2831500E+01  0.5156094E+07
  0.2837200E+01  0.4636651E+07
  0.2842900E+01  0.4169070E+07
  0.2848600E+01  0.3748225E+07
  0.2854300E+01  0.3369490E+07
  0.2860000E+01  0.3028692E+07
  0.2865700E+01  0.2722068E+07
  0.2871400E+01  0.2446222E+07
  0.2877100E+01  0.2198095E+07
  0.2882800E+01  0.1974927E+07
  0.2888500E+01  0.1774231E+07
  0.2894200E+01  0.1593763E+07
  0.2899900E+01  0.1431504E+07
  0.2905600E+01  0.1285633E+07
  0.2911300E+01  0.1154508E+07
  0.2917000E+01  0.1036653E+07
  0.2922700E+01  0.9307355E+06
  0.2928400E+01  0.8355570E+06
  0.2934100E+01  0.7500379E+06
  0.2939800E+01  0.6732060E+06
  0.2945500E+01  0.6041860E+06
  0.2951200E+01  0.5421902E+06
  0.2956900E+01  0.4865095E+06
  0.2962600E+01  0.4365058E+06
  0.2968300E+01  0.3916048E+06
  0.2974000E+01  0.3512899E+06
  0.2979700E+01  0.3150963E+06
  0.2985400E+01  0.2826060E+06
  0.2991100E+01  0.2534428E+06
  0.2996800E+01  0.2272687E+06
  0.3002500E+01  0.2037795E+06
  0.3008200E+01  0.1827018E+06
  0.3013900E+01  0.1637900E+06
  0.3019600E+01  0.1468229E+06
  0.3025300E+01  0.1316022E+06
  0.3031000E+01  0.1179492E+06
  0.3036700E+01  0.1057037E+06
  0.3042400E+01  0.9472152E+05
  0.3048100E+01  0.8487327E+05
  0.3053800E+01  0.7604265E+05
  0.3059500E+01  0.6812522E+05
  0.3065200E+01  0.6102716E+05
  0.3070900E+01  0.5466424E+05
  0.3076600E+01  0.4896082E+05
  0.3082300E+01  0.4384898E+05
  0.3088000E+01  0.3926775E+05
  0.3093700E+01  0.3516241E+05
  0.3099400E+01  0.3148383E+05
  0.3105100E+01  0.2818792E+05
  0.3110800E+01  0.2523512E+05
  0.3116500E+01  0.2258992E+05
  0.3122200E+01  0.2022049E+05
  0.3127900E+01  0.1809823E+05
  0.3133600E+01  0.1619752E+05
  0.3139300E+01  0.1449536E+05
  0.3145000E+01  0.1297114E+05
  0.3150700E+01  0.1160635E+05
  0.3156400E+01  0.1038442E+05
  0.3162100E+01  0.9290481E+04
  0.3167800E+01  0.8311195E+04
  0.3173500E+01  0.7434614E+04
  0.3179200E+01  0.6650025E+04
  0.3184900E+01  0.5947827E+04
  0.3190600E+01  0.5319415E+04
  0.3196300E+01  0.4757075E+04
  0.3202000E+01  0.4253897E+04
  0.3207700E+01  0.3803690E+04
  0.3213400E+01  0.3400907E+04
  0.3219100E+01  0.3040576E+04
  0.3224800E+01  0.2718246E+04
  0.3230500E+01  0.2429930E+04
  0.3236200E+01  0.2172056E+04
  0.3241900E+01  0.1941426E+04
  0.3247600E+01  0.1735175E+04
  0.3253300E+01  0.1550739E+04
  0.3259000E+01  0.1385822E+04
  0.3264700E+01  0.1238367E+04
  0.3270400E+01  0.1106535E+04
  0.3276100E+01  0.9886769E+03
  0.3281800E+01  0.8833194E+03
  0.3287500E+01  0.7891425E+03
  0.3293200E+01  0.7049649E+03
  0.3298900E+01  0.6297298E+03
  0.3304600E+01  0.5624913E+03
  0.3310300E+01  0.5024032E+03
  0.3316000E+01  0.4487085E+03
  0.3321700E+01  0.4007297E+03
  0.3327400E+01  0.3578611E+03
  0.3333100E+01  0.3195607E+03
  0.3338800E+01  0.2853436E+03
  0.3344500E+01  0.2547764E+03
  0.3350200E+01  0.2274714E+03
  0.3355900E+01  0.2030817E+03
  0.3361600E+01  0.1812975E+03
  0.3367300E+01  0.1618414E+03
  0.3373000E+01  0.1444657E+03
  0.3378700E+01  0.1289487E+03
  0.3384400E+01  0.1150925E+03
  0.3390100E+01  0.1027199E+03
  0.3395800E+01  0.9167276E+02
  0.3401500E+01  0.8180954E+02
  0.3407200E+01  0.7300386E+02
  0.3412900E+01  0.6514276E+02
  0.3418600E+01  0.5812528E+02
  0.3424300E+01  0.5186123E+02
  0.3430000E+01  0.4626999E+02
  0.3435700E+01  0.4127957E+02
  0.3441400E+01  0.3682563E+02
  0.3447100E+01  0.3285070E+02
  0.3452800E+01  0.2930345E+02
  0.3458500E+01  0.2613801E+02
  0.3464200E+01  0.2331344E+02
  0.3469900E+01  0.2079315E+02
  0.3475600E+01  0.1854447E+02
  0.3481300E+01  0.1653823E+02
  0.3487000E+01  0.1474837E+02
  0.3492700E+01  0.1315164E+02
  0.3498400E+01  0.1172726E+02
  0.3504100E+01  0.1045669E+02
  0.3509800E+01  0.9323379E+01
  0.3515500E+01  0.8312537E+01
  0.3521200E+01  0.7410976E+01
  0.3526900E+01  0.6606916E+01
  0.3532600E+01  0.5889847E+01
  0.3538300E+01  0.5250385E+01
  0.3544000E+01  0.4680156E+01
  0.3549700E+01  0.4171687E+01
  0.3555400E+01  0.3718309E+01
  0.3561100E+01  0.3314071E+01
  0.3566800E+01  0.2953662E+01
  0.3572500E+01  0.2632343E+01
  0.3578200E+01  0.2345887E+01
  0.3583900E+01  0.2090522E+01
  0.3589600E+01  0.1862883E+01
  0.3595300E+01  0.1659968E+01
  0.3601000E+01  0.1479100E+01
  0.3606700E+01  0.1317888E+01
  0.3612400E+01  0.1174204E+01
  0.3618100E+01  0.1046146E+01
  0.3623800E+01  0.9320198E+00
  0.3629500E+01  0.8303134E+00
  0.3635200E+01  0.7396788E+00
  0.3640900E+01  0.6589138E+00
  0.3646600E+01  0.5869466E+00
  0.3652300E+01  0.5228211E+00
  0.3658000E+01  0.4656851E+00
  0.3663700E+01  0.4147787E+00
  0.3669400E+01  0.3694244E+00
  0.3675100E+01  0.3290180E+00
  0.3680800E+01  0.2930211E+00
  0.3686500E+01  0.2609537E+00
  0.3692200E+01  0.2323879E+00
  0.3697900E+01  0.2069422E+00
  0.3703600E+01  0.1842765E+00
  0.3709300E+01  0.1640880E+00
  0.3715000E+01  0.1461064E+00
  0.3720700E+01  0.1300911E+00
  0.3726400E+01  0.1158275E+00
  0.3732100E+01  0.1031245E+00
  0.3737800E+01  0.9181166E-01
  0.3743500E+01  0.8173721E-01
  0.3749200E+01  0.7276588E-01
  0.3754900E+01  0.6477711E-01
  0.3760600E+01  0.5766352E-01
  0.3766300E+01  0.5132941E-01
  0.3772000E+01  0.4568954E-01
  0.3777700E+01  0.4066796E-01
  0.3783400E+01  0.3619700E-01
  0.3789100E+01  0.3221638E-01
  0.3794800E+01  0.2867240E-01
  0.3800500E+01  0.2551725E-01
  0.3806200E+01  0.2270829E-01
  0.3811900E+01  0.2020759E-01
  0.3817600E+01  0.1798133E-01
  0.3823300E+01  0.1599939E-01
  0.3829000E+01  0.1423497E-01
  0.3834700E+01  0.1266415E-01
  0.3840400E+01  0.1126567E-01
  0.3846100E+01  0.1002056E-01
  0.3851800E+01  0.8911949E-02
  0.3857500E+01  0.7924780E-02
  0.3863200E+01  0.7045656E-02
  0.3868900E+01  0.6262636E-02
  0.3874600E+01  0.5565079E-02
  0.3880300E+01  0.4943501E-02
  0.3886000E+01  0.4389445E-02
  0.3891700E+01  0.3895372E-02
  0.3897400E+01  0.3454553E-02
  0.3903100E+01  0.3060983E-02
  0.3908800E+01  0.2709297E-02
  0.3914500E+01  0.2394699E-02
  0.3920200E+01  0.2112898E-02
  0.3925900E+01  0.1860045E-02
  0.3931600E+01  0.1632688E-02
  0.3937300E+01  0.1427720E-02
  0.3943000E+01  0.1242337E-02
  0.3948700E+01  0.1074004E-02
  0.3954400E+01  0.9204178E-03
  0.3960100E+01  0.7794735E-03
  0.3965800E+01  0.6492398E-03
  0.3971500E+01  0.5279309E-03
  0.3977200E+01  0.4138821E-03
  0.3982900E+01  0.3055273E-03
  0.3988600E+01  0.2013773E-03
  0.3994300E+01  0.1000000E-03
  0.4000000E+01  0.0000000E+00
