  0.1000000E-01  0.0000000E+00
  0.1570000E-01  0.1935649E+09
  0.2140000E-01  0.4234725E+09
  0.2710000E-01  0.7312030E+09
  0.3280000E-01  0.1170450E+10
  0.3850000E-01  0.1815729E+10
  0.4420000E-01  0.2773786E+10
  0.4990000E-01  0.4199407E+10
  0.5560000E-01  0.6317666E+10
  0.6130000E-01  0.9455452E+10
  0.6700000E-01  0.1408610E+11
  0.7270000E-01  0.2089240E+11
  0.7840000E-01  0.3085532E+11
  0.8410000E-01  0.4537829E+11
  0.8980000E-01  0.6646058E+11
  0.9550000E-01  0.9693832E+11
  0.1012000E+00  0.1408177E+12
  0.1069000E+00  0.2037341E+12
  0.1126000E+00  0.2935812E+12
  0.1183000E+00  0.4213706E+12
  0.1240000E+00  0.6024001E+12
  0.1297000E+00  0.8578345E+12
  0.1354000E+00  0.1216838E+13
  0.1411000E+00  0.1719432E+13
  0.1468000E+00  0.2420326E+13
  0.1525000E+00  0.3393996E+13
  0.1582000E+00  0.4741440E+13
  0.1639000E+00  0.6599073E+13
  0.1696000E+00  0.9150438E+13
  0.1753000E+00  0.1264152E+14
  0.1810000E+00  0.1740073E+14
  0.1867000E+00  0.2386483E+14
  0.1924000E+00  0.3261251E+14
  0.1981000E+00  0.4440756E+14
  0.2038000E+00  0.6025433E+14
  0.2095000E+00  0.8146858E+14
  0.2152000E+00  0.1097676E+15
  0.2209000E+00  0.1473846E+15
  0.2266000E+00  0.1972129E+15
  0.2323000E+00  0.2629877E+15
  0.2380000E+00  0.3495134E+15
  0.2437000E+00  0.4629474E+15
  0.2494000E+00  0.6111534E+15
  0.2551000E+00  0.8041381E+15
  0.2608000E+00  0.1054591E+16
  0.2665000E+00  0.1378546E+16
  0.2722000E+00  0.1796195E+16
  0.2779000E+00  0.2332874E+16
  0.2836000E+00  0.3020268E+16
  0.2893000E+00  0.3897864E+16
  0.2950000E+00  0.5014707E+16
  0.3007000E+00  0.6431506E+16
  0.3064000E+00  0.8223153E+16
  0.3121000E+00  0.1048173E+17
  0.3178000E+00  0.1332008E+17
  0.3235000E+00  0.1687604E+17
  0.3292000E+00  0.2131736E+17
  0.3349000E+00  0.2684765E+17
  0.3406000E+00  0.3371310E+17
  0.3463000E+00  0.4221053E+17
  0.3520000E+00  0.5269657E+17
  0.3577000E+00  0.6559838E+17
  0.3634000E+00  0.8142595E+17
  0.3691000E+00  0.1007862E+18
  0.3748000E+00  0.1243992E+18
  0.3805000E+00  0.1531163E+18
  0.3862000E+00  0.1879415E+18
  0.3919000E+00  0.2300542E+18
  0.3976000E+00  0.2808363E+18
  0.4033000E+00  0.3419017E+18
  0.4090000E+00  0.4151293E+18
  0.4147000E+00  0.5026996E+18
  0.4204000E+00  0.6071358E+18
  0.4261000E+00  0.7313482E+18
  0.4318000E+00  0.8786835E+18
  0.4375000E+00  0.1052979E+19
  0.4432000E+00  0.1258618E+19
  0.4489000E+00  0.1500599E+19
  0.4546000E+00  0.1784597E+19
  0.4603000E+00  0.2117040E+19
  0.4660000E+00  0.2505184E+19
  0.4717000E+00  0.2957199E+19
  0.4774000E+00  0.3482250E+19
  0.4831000E+00  0.4090593E+19
  0.4888000E+00  0.4793665E+19
  0.4945000E+00  0.5604184E+19
  0.5002000E+00  0.6536247E+19
  0.5059000E+00  0.7605434E+19
  0.5116000E+00  0.8828907E+19
  0.5173000E+00  0.1022552E+20
  0.5230000E+00  0.1181590E+20
  0.5287000E+00  0.1362258E+20
  0.5344000E+00  0.1567006E+20
  0.5401000E+00  0.1798491E+20
  0.5458000E+00  0.2059587E+20
  0.5515000E+00  0.2353388E+20
  0.5572000E+00  0.2683219E+20
  0.5629000E+00  0.3052638E+20
  0.5686000E+00  0.3465441E+20
  0.5743000E+00  0.3925664E+20
  0.5800000E+00  0.4437581E+20
  0.5857000E+00  0.5005707E+20
  0.5914000E+00  0.5634787E+20
  0.5971000E+00  0.6329797E+20
  0.6028000E+00  0.7095930E+20
  0.6085000E+00  0.7938584E+20
  0.6142000E+00  0.8863353E+20
  0.6199000E+00  0.9876000E+20
  0.6256000E+00  0.1098245E+21
  0.6313000E+00  0.1218874E+21
  0.6370000E+00  0.1350104E+21
  0.6427000E+00  0.1492556E+21
  0.6484000E+00  0.1646857E+21
  0.6541000E+00  0.1813633E+21
  0.6598000E+00  0.1993509E+21
  0.6655000E+00  0.2187098E+21
  0.6712000E+00  0.2395004E+21
  0.6769000E+00  0.2617813E+21
  0.6826000E+00  0.2856087E+21
  0.6883000E+00  0.3110365E+21
  0.6940000E+00  0.3381149E+21
  0.6997000E+00  0.3668907E+21
  0.7054000E+00  0.3974061E+21
  0.7111000E+00  0.4296987E+21
  0.7168000E+00  0.4638004E+21
  0.7225000E+00  0.4997374E+21
  0.7282000E+00  0.5375294E+21
  0.7339000E+00  0.5771892E+21
  0.7396000E+00  0.6187219E+21
  0.7453000E+00  0.6621250E+21
  0.7510000E+00  0.7073877E+21
  0.7567000E+00  0.7544905E+21
  0.7624000E+00  0.8034048E+21
  0.7681000E+00  0.8540929E+21
  0.7738000E+00  0.9065076E+21
  0.7795000E+00  0.9605921E+21
  0.7852000E+00  0.1016280E+22
  0.7909000E+00  0.1073494E+22
  0.7966000E+00  0.1132149E+22
  0.8023000E+00  0.1192150E+22
  0.8080000E+00  0.1253390E+22
  0.8137000E+00  0.1315756E+22
  0.8194000E+00  0.1379123E+22
  0.8251000E+00  0.1443362E+22
  0.8308000E+00  0.1508330E+22
  0.8365000E+00  0.1573882E+22
  0.8422000E+00  0.1639862E+22
  0.8479000E+00  0.1706111E+22
  0.8536000E+00  0.1772461E+22
  0.8593000E+00  0.1838741E+22
  0.8650000E+00  0.1904776E+22
  0.8707000E+00  0.1970389E+22
  0.8764000E+00  0.2035396E+22
  0.8821000E+00  0.2099618E+22
  0.8878000E+00  0.2162870E+22
  0.8935000E+00  0.2224969E+22
  0.8992000E+00  0.2285736E+22
  0.9049000E+00  0.2344991E+22
  0.9106000E+00  0.2402558E+22
  0.9163000E+00  0.2458266E+22
  0.9220000E+00  0.2511948E+22
  0.9277000E+00  0.2563443E+22
  0.9334000E+00  0.2612598E+22
  0.9391000E+00  0.2659266E+22
  0.9448000E+00  0.2703309E+22
  0.9505000E+00  0.2744598E+22
  0.9562000E+00  0.2783013E+22
  0.9619000E+00  0.2818445E+22
  0.9676000E+00  0.2850794E+22
  0.9733000E+00  0.2879973E+22
  0.9790000E+00  0.2905906E+22
  0.9847000E+00  0.2928528E+22
  0.9904000E+00  0.2947787E+22
  0.9961000E+00  0.2963643E+22
  0.1001800E+01  0.2976067E+22
  0.1007500E+01  0.2985043E+22
  0.1013200E+01  0.2990567E+22
  0.1018900E+01  0.2992649E+22
  0.1024600E+01  0.2991307E+22
  0.1030300E+01  0.2986586E+22
  0.1036000E+01  0.2978516E+22
  0.1041700E+01  0.2967151E+22
  0.1047400E+01  0.2952555E+22
  0.1053100E+01  0.2934801E+22
  0.1058800E+01  0.2913974E+22
  0.1064500E+01  0.2890165E+22
  0.1070200E+01  0.2863475E+22
  0.1075900E+01  0.2834010E+22
  0.1081600E+01  0.2801886E+22
  0.1087300E+01  0.2767224E+22
  0.1093000E+01  0.2730149E+22
  0.1098700E+01  0.2690793E+22
  0.1104400E+01  0.2649290E+22
  0.1110100E+01  0.2605780E+22
  0.1115800E+01  0.2560403E+22
  0.1121500E+01  0.2513303E+22
  0.1127200E+01  0.2464624E+22
  0.1132900E+01  0.2414511E+22
  0.1138600E+01  0.2363109E+22
  0.1144300E+01  0.2310563E+22
  0.1150000E+01  0.2257016E+22
  0.1155700E+01  0.2202610E+22
  0.1161400E+01  0.2147484E+22
  0.1167100E+01  0.2091774E+22
  0.1172800E+01  0.2035614E+22
  0.1178500E+01  0.1979134E+22
  0.1184200E+01  0.1922459E+22
  0.1189900E+01  0.1865711E+22
  0.1195600E+01  0.1809007E+22
  0.1201300E+01  0.1752458E+22
  0.1207000E+01  0.1696171E+22
  0.1212700E+01  0.1640247E+22
  0.1218400E+01  0.1584783E+22
  0.1224100E+01  0.1529868E+22
  0.1229800E+01  0.1475587E+22
  0.1235500E+01  0.1422019E+22
  0.1241200E+01  0.1369236E+22
  0.1246900E+01  0.1317307E+22
  0.1252600E+01  0.1266293E+22
  0.1258300E+01  0.1216248E+22
  0.1264000E+01  0.1167225E+22
  0.1269700E+01  0.1119268E+22
  0.1275400E+01  0.1072415E+22
  0.1281100E+01  0.1026702E+22
  0.1286800E+01  0.9821572E+21
  0.1292500E+01  0.9388056E+21
  0.1298200E+01  0.8966665E+21
  0.1303900E+01  0.8557553E+21
  0.1309600E+01  0.8160829E+21
  0.1315300E+01  0.7776561E+21
  0.1321000E+01  0.7404780E+21
  0.1326700E+01  0.7045481E+21
  0.1332400E+01  0.6698624E+21
  0.1338100E+01  0.6364138E+21
  0.1343800E+01  0.6041923E+21
  0.1349500E+01  0.5731850E+21
  0.1355200E+01  0.5433768E+21
  0.1360900E+01  0.5147500E+21
  0.1366600E+01  0.4872852E+21
  0.1372300E+01  0.4609609E+21
  0.1378000E+01  0.4357539E+21
  0.1383700E+01  0.4116398E+21
  0.1389400E+01  0.3885926E+21
  0.1395100E+01  0.3665855E+21
  0.1400800E+01  0.3455907E+21
  0.1406500E+01  0.3255794E+21
  0.1412200E+01  0.3065225E+21
  0.1417900E+01  0.2883903E+21
  0.1423600E+01  0.2711528E+21
  0.1429300E+01  0.2547797E+21
  0.1435000E+01  0.2392407E+21
  0.1440700E+01  0.2245056E+21
  0.1446400E+01  0.2105443E+21
  0.1452100E+01  0.1973267E+21
  0.1457800E+01  0.1848233E+21
  0.1463500E+01  0.1730047E+21
  0.1469200E+01  0.1618422E+21
  0.1474900E+01  0.1513075E+21
  0.1480600E+01  0.1413729E+21
  0.1486300E+01  0.1320112E+21
  0.1492000E+01  0.1231959E+21
  0.1497700E+01  0.1149013E+21
  0.1503400E+01  0.1071023E+21
  0.1509100E+01  0.9977450E+20
  0.1514800E+01  0.9289441E+20
  0.1520500E+01  0.8643919E+20
  0.1526200E+01  0.8038683E+20
  0.1531900E+01  0.7471610E+20
  0.1537600E+01  0.6940654E+20
  0.1543300E+01  0.6443852E+20
  0.1549000E+01  0.5979316E+20
  0.1554700E+01  0.5545238E+20
  0.1560400E+01  0.5139885E+20
  0.1566100E+01  0.4761602E+20
  0.1571800E+01  0.4408807E+20
  0.1577500E+01  0.4079991E+20
  0.1583200E+01  0.3773717E+20
  0.1588900E+01  0.3488616E+20
  0.1594600E+01  0.3223387E+20
  0.1600300E+01  0.2976797E+20
  0.1606000E+01  0.2747673E+20
  0.1611700E+01  0.2534905E+20
  0.1617400E+01  0.2337442E+20
  0.1623100E+01  0.2154291E+20
  0.1628800E+01  0.1984512E+20
  0.1634500E+01  0.1827221E+20
  0.1640200E+01  0.1681580E+20
  0.1645900E+01  0.1546804E+20
  0.1651600E+01  0.1422150E+20
  0.1657300E+01  0.1306924E+20
  0.1663000E+01  0.1200469E+20
  0.1668700E+01  0.1102171E+20
  0.1674400E+01  0.1011455E+20
  0.1680100E+01  0.9277791E+19
  0.1685800E+01  0.8506386E+19
  0.1691500E+01  0.7795600E+19
  0.1697200E+01  0.7141007E+19
  0.1702900E+01  0.6538473E+19
  0.1708600E+01  0.5984141E+19
  0.1714300E+01  0.5474410E+19
  0.1720000E+01  0.5005925E+19
  0.1725700E+01  0.4575562E+19
  0.1731400E+01  0.4180412E+19
  0.1737100E+01  0.3817770E+19
  0.1742800E+01  0.3485120E+19
  0.1748500E+01  0.3180129E+19
  0.1754200E+01  0.2900628E+19
  0.1759900E+01  0.2644607E+19
  0.1765600E+01  0.2410202E+19
  0.1771300E+01  0.2195686E+19
  0.1777000E+01  0.1999461E+19
  0.1782700E+01  0.1820049E+19
  0.1788400E+01  0.1656082E+19
  0.1794100E+01  0.1506297E+19
  0.1799800E+01  0.1369528E+19
  0.1805500E+01  0.1244697E+19
  0.1811200E+01  0.1130813E+19
  0.1816900E+01  0.1026959E+19
  0.1822600E+01  0.9322926E+18
  0.1828300E+01  0.8460368E+18
  0.1834000E+01  0.7674773E+18
  0.1839700E+01  0.6959569E+18
  0.1845400E+01  0.6308715E+18
  0.1851100E+01  0.5716662E+18
  0.1856800E+01  0.5178315E+18
  0.1862500E+01  0.4688996E+18
  0.1868200E+01  0.4244416E+18
  0.1873900E+01  0.3840644E+18
  0.1879600E+01  0.3474076E+18
  0.1885300E+01  0.3141412E+18
  0.1891000E+01  0.2839632E+18
  0.1896700E+01  0.2565971E+18
  0.1902400E+01  0.2317904E+18
  0.1908100E+01  0.2093120E+18
  0.1913800E+01  0.1889510E+18
  0.1919500E+01  0.1705145E+18
  0.1925200E+01  0.1538268E+18
  0.1930900E+01  0.1387274E+18
  0.1936600E+01  0.1250700E+18
  0.1942300E+01  0.1127212E+18
  0.1948000E+01  0.1015596E+18
  0.1953700E+01  0.9147463E+17
  0.1959400E+01  0.8236547E+17
  0.1965100E+01  0.7414055E+17
  0.1970800E+01  0.6671655E+17
  0.1976500E+01  0.6001773E+17
  0.1982200E+01  0.5397526E+17
  0.1987900E+01  0.4852665E+17
  0.1993600E+01  0.4361513E+17
  0.1999300E+01  0.3918919E+17
  0.2005000E+01  0.3520212E+17
  0.2010700E+01  0.3161154E+17
  0.2016400E+01  0.2837905E+17
  0.2022100E+01  0.2546985E+17
  0.2027800E+01  0.2285242E+17
  0.2033500E+01  0.2049823E+17
  0.2039200E+01  0.1838145E+17
  0.2044900E+01  0.1647871E+17
  0.2050600E+01  0.1476889E+17
  0.2056300E+01  0.1323289E+17
  0.2062000E+01  0.1185344E+17
  0.2067700E+01  0.1061496E+17
  0.2073400E+01  0.9503354E+16
  0.2079100E+01  0.8505920E+16
  0.2084800E+01  0.7611186E+16
  0.2090500E+01  0.6808806E+16
  0.2096200E+01  0.6089450E+16
  0.2101900E+01  0.5444707E+16
  0.2107600E+01  0.4866998E+16
  0.2113300E+01  0.4349496E+16
  0.2119000E+01  0.3886052E+16
  0.2124700E+01  0.3471132E+16
  0.2130400E+01  0.3099754E+16
  0.2136100E+01  0.2767438E+16
  0.2141800E+01  0.2470153E+16
  0.2147500E+01  0.2204276E+16
  0.2153200E+01  0.1966551E+16
  0.2158900E+01  0.1754051E+16
  0.2164600E+01  0.1564147E+16
  0.2170300E+01  0.1394481E+16
  0.2176000E+01  0.1242933E+16
  0.2181700E+01  0.1107602E+16
  0.2187400E+01  0.9867833E+15
  0.2193100E+01  0.8789462E+15
  0.2198800E+01  0.7827193E+15
  0.2204500E+01  0.6968735E+15
  0.2210200E+01  0.6203070E+15
  0.2215900E+01  0.5520330E+15
  0.2221600E+01  0.4911676E+15
  0.2227300E+01  0.4369195E+15
  0.2233000E+01  0.3885805E+15
  0.2238700E+01  0.3455168E+15
  0.2244400E+01  0.3071614E+15
  0.2250100E+01  0.2730072E+15
  0.2255800E+01  0.2426008E+15
  0.2261500E+01  0.2155369E+15
  0.2267200E+01  0.1914535E+15
  0.2272900E+01  0.1700270E+15
  0.2278600E+01  0.1509683E+15
  0.2284300E+01  0.1340195E+15
  0.2290000E+01  0.1189501E+15
  0.2295700E+01  0.1055547E+15
  0.2301400E+01  0.9364967E+14
  0.2307100E+01  0.8307147E+14
  0.2312800E+01  0.7367413E+14
  0.2318500E+01  0.6532755E+14
  0.2324200E+01  0.5791573E+14
  0.2329900E+01  0.5133530E+14
  0.2335600E+01  0.4549418E+14
  0.2341300E+01  0.4031033E+14
  0.2347000E+01  0.3571068E+14
  0.2352700E+01  0.3163020E+14
  0.2358400E+01  0.2801098E+14
  0.2364100E+01  0.2480150E+14
  0.2369800E+01  0.2195591E+14
  0.2375500E+01  0.1943342E+14
  0.2381200E+01  0.1719777E+14
  0.2386900E+01  0.1521671E+14
  0.2392600E+01  0.1346156E+14
  0.2398300E+01  0.1190685E+14
  0.2404000E+01  0.1052994E+14
  0.2409700E+01  0.9310706E+13
  0.2415400E+01  0.8231291E+13
  0.2421100E+01  0.7275827E+13
  0.2426800E+01  0.6430229E+13
  0.2432500E+01  0.5681992E+13
  0.2438200E+01  0.5020022E+13
  0.2443900E+01  0.4434472E+13
  0.2449600E+01  0.3916608E+13
  0.2455300E+01  0.3458681E+13
  0.2461000E+01  0.3053824E+13
  0.2466700E+01  0.2695944E+13
  0.2472400E+01  0.2379642E+13
  0.2478100E+01  0.2100134E+13
  0.2483800E+01  0.1853179E+13
  0.2489500E+01  0.1635020E+13
  0.2495200E+01  0.1442331E+13
  0.2500900E+01  0.1272165E+13
  0.2506600E+01  0.1121912E+13
  0.2512300E+01  0.9892635E+12
  0.2518000E+01  0.8721738E+12
  0.2523700E+01  0.7688341E+12
  0.2529400E+01  0.6776434E+12
  0.2535100E+01  0.5971856E+12
  0.2540800E+01  0.5262079E+12
  0.2546500E+01  0.4636026E+12
  0.2552200E+01  0.4083902E+12
  0.2557900E+01  0.3597047E+12
  0.2563600E+01  0.3167807E+12
  0.2569300E+01  0.2789419E+12
  0.2575000E+01  0.2455904E+12
  0.2580700E+01  0.2161984E+12
  0.2586400E+01  0.1902992E+12
  0.2592100E+01  0.1674811E+12
  0.2597800E+01  0.1473802E+12
  0.2603500E+01  0.1296753E+12
  0.2609200E+01  0.1140830E+12
  0.2614900E+01  0.1003531E+12
  0.2620600E+01  0.8826458E+11
  0.2626300E+01  0.7762275E+11
  0.2632000E+01  0.6825567E+11
  0.2637700E+01  0.6001171E+11
  0.2643400E+01  0.5275714E+11
  0.2649100E+01  0.4637403E+11
  0.2654800E+01  0.4075841E+11
  0.2660500E+01  0.3581862E+11
  0.2666200E+01  0.3147386E+11
  0.2671900E+01  0.2765293E+11
  0.2677600E+01  0.2429309E+11
  0.2683300E+01  0.2133905E+11
  0.2689000E+01  0.1874211E+11
  0.2694700E+01  0.1645939E+11
  0.2700400E+01  0.1445309E+11
  0.2706100E+01  0.1268995E+11
  0.2711800E+01  0.1114069E+11
  0.2717500E+01  0.9779510E+10
  0.2723200E+01  0.8583722E+10
  0.2728900E+01  0.7533347E+10
  0.2734600E+01  0.6610808E+10
  0.2740300E+01  0.5800636E+10
  0.2746000E+01  0.5089224E+10
  0.2751700E+01  0.4464602E+10
  0.2757400E+01  0.3916243E+10
  0.2763100E+01  0.3434886E+10
  0.2768800E+01  0.3012392E+10
  0.2774500E+01  0.2641601E+10
  0.2780200E+01  0.2316221E+10
  0.2785900E+01  0.2030720E+10
  0.2791600E+01  0.1780237E+10
  0.2797300E+01  0.1560499E+10
  0.2803000E+01  0.1367753E+10
  0.2808700E+01  0.1198700E+10
  0.2814400E+01  0.1050442E+10
  0.2820100E+01  0.9204353E+09
  0.2825800E+01  0.8064436E+09
  0.2831500E+01  0.7065041E+09
  0.2837200E+01  0.6188932E+09
  0.2842900E+01  0.5420973E+09
  0.2848600E+01  0.4747880E+09
  0.2854300E+01  0.4157990E+09
  0.2860000E+01  0.3641067E+09
  0.2865700E+01  0.3188127E+09
  0.2871400E+01  0.2791289E+09
  0.2877100E+01  0.2443635E+09
  0.2882800E+01  0.2139098E+09
  0.2888500E+01  0.1872354E+09
  0.2894200E+01  0.1638735E+09
  0.2899900E+01  0.1434144E+09
  0.2905600E+01  0.1254992E+09
  0.2911300E+01  0.1098129E+09
  0.2917000E+01  0.9607935E+08
  0.2922700E+01  0.8405655E+08
  0.2928400E+01  0.7353228E+08
  0.2934100E+01  0.6432057E+08
  0.2939800E+01  0.5625838E+08
  0.2945500E+01  0.4920287E+08
  0.2951200E+01  0.4302885E+08
  0.2956900E+01  0.3762664E+08
  0.2962600E+01  0.3290015E+08
  0.2968300E+01  0.2876518E+08
  0.2974000E+01  0.2514800E+08
  0.2979700E+01  0.2198403E+08
  0.2985400E+01  0.1921670E+08
  0.2991100E+01  0.1679648E+08
  0.2996800E+01  0.1468000E+08
  0.3002500E+01  0.1282928E+08
  0.3008200E+01  0.1121107E+08
  0.3013900E+01  0.9796271E+07
  0.3019600E+01  0.8559409E+07
  0.3025300E+01  0.7478184E+07
  0.3031000E+01  0.6533084E+07
  0.3036700E+01  0.5707031E+07
  0.3042400E+01  0.4985083E+07
  0.3048100E+01  0.4354165E+07
  0.3053800E+01  0.3802840E+07
  0.3059500E+01  0.3321101E+07
  0.3065200E+01  0.2900195E+07
  0.3070900E+01  0.2532466E+07
  0.3076600E+01  0.2211218E+07
  0.3082300E+01  0.1930595E+07
  0.3088000E+01  0.1685478E+07
  0.3093700E+01  0.1471387E+07
  0.3099400E+01  0.1284409E+07
  0.3105100E+01  0.1121120E+07
  0.3110800E+01  0.9785300E+06
  0.3116500E+01  0.8540221E+06
  0.3122200E+01  0.7453107E+06
  0.3127900E+01  0.6503979E+06
  0.3133600E+01  0.5675375E+06
  0.3139300E+01  0.4952038E+06
  0.3145000E+01  0.4320634E+06
  0.3150700E+01  0.3769514E+06
  0.3156400E+01  0.3288499E+06
  0.3162100E+01  0.2868698E+06
  0.3167800E+01  0.2502343E+06
  0.3173500E+01  0.2182650E+06
  0.3179200E+01  0.1903692E+06
  0.3184900E+01  0.1660293E+06
  0.3190600E+01  0.1447933E+06
  0.3196300E+01  0.1262665E+06
  0.3202000E+01  0.1101042E+06
  0.3207700E+01  0.9600547E+05
  0.3213400E+01  0.8370753E+05
  0.3219100E+01  0.7298099E+05
  0.3224800E+01  0.6362559E+05
  0.3230500E+01  0.5546652E+05
  0.3236200E+01  0.4835120E+05
  0.3241900E+01  0.4214644E+05
  0.3247600E+01  0.3673603E+05
  0.3253300E+01  0.3201852E+05
  0.3259000E+01  0.2790540E+05
  0.3264700E+01  0.2431942E+05
  0.3270400E+01  0.2119320E+05
  0.3276100E+01  0.1846794E+05
  0.3281800E+01  0.1609233E+05
  0.3287500E+01  0.1402161E+05
  0.3293200E+01  0.1221676E+05
  0.3298900E+01  0.1064372E+05
  0.3304600E+01  0.9272779E+04
  0.3310300E+01  0.8078038E+04
  0.3316000E+01  0.7036902E+04
  0.3321700E+01  0.6129667E+04
  0.3327400E+01  0.5339151E+04
  0.3333100E+01  0.4650371E+04
  0.3338800E+01  0.4050263E+04
  0.3344500E+01  0.3527437E+04
  0.3350200E+01  0.3071962E+04
  0.3355900E+01  0.2675181E+04
  0.3361600E+01  0.2329546E+04
  0.3367300E+01  0.2028479E+04
  0.3373000E+01  0.1766245E+04
  0.3378700E+01  0.1537845E+04
  0.3384400E+01  0.1338923E+04
  0.3390100E+01  0.1165683E+04
  0.3395800E+01  0.1014815E+04
  0.3401500E+01  0.8834367E+03
  0.3407200E+01  0.7690346E+03
  0.3412900E+01  0.6694198E+03
  0.3418600E+01  0.5826845E+03
  0.3424300E+01  0.5071669E+03
  0.3430000E+01  0.4414189E+03
  0.3435700E+01  0.3841791E+03
  0.3441400E+01  0.3343485E+03
  0.3447100E+01  0.2909699E+03
  0.3452800E+01  0.2532094E+03
  0.3458500E+01  0.2203408E+03
  0.3464200E+01  0.1917315E+03
  0.3469900E+01  0.1668305E+03
  0.3475600E+01  0.1451581E+03
  0.3481300E+01  0.1262964E+03
  0.3487000E+01  0.1098814E+03
  0.3492700E+01  0.9559645E+02
  0.3498400E+01  0.8316556E+02
  0.3504100E+01  0.7234850E+02
  0.3509800E+01  0.6293612E+02
  0.3515500E+01  0.5474632E+02
  0.3521200E+01  0.4762058E+02
  0.3526900E+01  0.4142086E+02
  0.3532600E+01  0.3602704E+02
  0.3538300E+01  0.3133452E+02
  0.3544000E+01  0.2725227E+02
  0.3549700E+01  0.2370104E+02
  0.3555400E+01  0.2061189E+02
  0.3561100E+01  0.1792477E+02
  0.3566800E+01  0.1558745E+02
  0.3572500E+01  0.1355446E+02
  0.3578200E+01  0.1178623E+02
  0.3583900E+01  0.1024835E+02
  0.3589600E+01  0.8910848E+01
  0.3595300E+01  0.7747654E+01
  0.3601000E+01  0.6736087E+01
  0.3606700E+01  0.5856411E+01
  0.3612400E+01  0.5091456E+01
  0.3618100E+01  0.4426281E+01
  0.3623800E+01  0.3847890E+01
  0.3629500E+01  0.3344978E+01
  0.3635200E+01  0.2907708E+01
  0.3640900E+01  0.2527524E+01
  0.3646600E+01  0.2196984E+01
  0.3652300E+01  0.1909615E+01
  0.3658000E+01  0.1659785E+01
  0.3663700E+01  0.1442599E+01
  0.3669400E+01  0.1253796E+01
  0.3675100E+01  0.1089671E+01
  0.3680800E+01  0.9470046E+00
  0.3686500E+01  0.8229936E+00
  0.3692200E+01  0.7152021E+00
  0.3697900E+01  0.6215113E+00
  0.3703600E+01  0.5400792E+00
  0.3709300E+01  0.4693038E+00
  0.3715000E+01  0.4077922E+00
  0.3720700E+01  0.3543335E+00
  0.3726400E+01  0.3078746E+00
  0.3732100E+01  0.2675002E+00
  0.3737800E+01  0.2324143E+00
  0.3743500E+01  0.2019252E+00
  0.3749200E+01  0.1754312E+00
  0.3754900E+01  0.1524094E+00
  0.3760600E+01  0.1324054E+00
  0.3766300E+01  0.1150240E+00
  0.3772000E+01  0.9992175E-01
  0.3777700E+01  0.8680016E-01
  0.3783400E+01  0.7539973E-01
  0.3789100E+01  0.6549494E-01
  0.3794800E+01  0.5688977E-01
  0.3800500E+01  0.4941388E-01
  0.3806200E+01  0.4291920E-01
  0.3811900E+01  0.3727707E-01
  0.3817600E+01  0.3237566E-01
  0.3823300E+01  0.2811780E-01
  0.3829000E+01  0.2441904E-01
  0.3834700E+01  0.2120599E-01
  0.3840400E+01  0.1841490E-01
  0.3846100E+01  0.1599033E-01
  0.3851800E+01  0.1388414E-01
  0.3857500E+01  0.1205448E-01
  0.3863200E+01  0.1046498E-01
  0.3868900E+01  0.9084055E-02
  0.3874600E+01  0.7884226E-02
  0.3880300E+01  0.6841628E-02
  0.3886000E+01  0.5935509E-02
  0.3891700E+01  0.5147832E-02
  0.3897400E+01  0.4462910E-02
  0.3903100E+01  0.3867099E-02
  0.3908800E+01  0.3348525E-02
  0.3914500E+01  0.2896850E-02
  0.3920200E+01  0.2503068E-02
  0.3925900E+01  0.2159325E-02
  0.3931600E+01  0.1858760E-02
  0.3937300E+01  0.1595375E-02
  0.3943000E+01  0.1363910E-02
  0.3948700E+01  0.1159742E-02
  0.3954400E+01  0.9787911E-03
  0.3960100E+01  0.8174408E-03
  0.3965800E+01  0.6724642E-03
  0.3971500E+01  0.5409612E-03
  0.3977200E+01  0.4202999E-03
  0.3982900E+01  0.3080644E-03
  0.3988600E+01  0.2020063E-03
  0.3994300E+01  0.1000000E-03
  0.4000000E+01  0.0000000E+00
