  0.1000000E+00  0.0000000E+00
  0.1500000E+00  0.2341798E-08
  0.2000000E+00  0.2473141E-07
  0.2500000E+00  0.2193829E-06
  0.3000000E+00  0.1647747E-05
  0.3500000E+00  0.1049017E-04
  0.4000000E+00  0.5669814E-04
  0.4500000E+00  0.2607502E-03
  0.5000000E+00  0.1023377E-02
  0.5500000E+00  0.3440416E-02
  0.6000000E+00  0.9951341E-02
  0.6500000E+00  0.2489337E-01
  0.7000000E+00  0.5416573E-01
  0.7500000E+00  0.1031658E+00
  0.8000000E+00  0.1731476E+00
  0.8500000E+00  0.2578529E+00
  0.9000000E+00  0.3431265E+00
  0.9500000E+00  0.4108730E+00
  0.1000000E+01  0.4457804E+00
  0.1050000E+01  0.4411549E+00
  0.1100000E+01  0.4008416E+00
  0.1150000E+01  0.3363894E+00
  0.1200000E+01  0.2622393E+00
  0.1250000E+01  0.1909340E+00
  0.1300000E+01  0.1304934E+00
  0.1350000E+01  0.8411082E-01
  0.1400000E+01  0.5135301E-01
  0.1450000E+01  0.2981839E-01
  0.1500000E+01  0.1652835E-01
  0.1550000E+01  0.8776097E-02
  0.1600000E+01  0.4478012E-02
  0.1650000E+01  0.2202215E-02
  0.1700000E+01  0.1046660E-02
  0.1750000E+01  0.4819614E-03
  0.1800000E+01  0.2155191E-03
  0.1850000E+01  0.9378958E-04
  0.1900000E+01  0.3979939E-04
  0.1950000E+01  0.1649847E-04
  0.2000000E+01  0.6692499E-05
  0.2050000E+01  0.2660648E-05
  0.2100000E+01  0.1038166E-05
  0.2150000E+01  0.3981123E-06
  0.2200000E+01  0.1502242E-06
  0.2250000E+01  0.5584264E-07
  0.2300000E+01  0.2047116E-07
  0.2350000E+01  0.7407757E-08
  0.2400000E+01  0.2648064E-08
  0.2450000E+01  0.9347855E-09
  0.2500000E+01  0.3229185E-09
  0.2550000E+01  0.1000000E-09
  0.2600000E+01  0.0000000E+00
