  0.1000000E-01 -0.0000000E+00
  0.1570000E-01 -0.1738034E-11
  0.2140000E-01 -0.3767246E-11
  0.2710000E-01 -0.6412596E-11
  0.3280000E-01 -0.1008167E-10
  0.3850000E-01 -0.1532151E-10
  0.4420000E-01 -0.2289083E-10
  0.4990000E-01 -0.3385585E-10
  0.5560000E-01 -0.4972033E-10
  0.6130000E-01 -0.7260311E-10
  0.6700000E-01 -0.1054805E-09
  0.7270000E-01 -0.1525169E-09
  0.7840000E-01 -0.2195128E-09
  0.8410000E-01 -0.3145111E-09
  0.8980000E-01 -0.4486113E-09
  0.9550000E-01 -0.6370593E-09
  0.1012000E+00 -0.9006979E-09
  0.1069000E+00 -0.1267887E-08
  0.1126000E+00 -0.1777034E-08
  0.1183000E+00 -0.2479909E-08
  0.1240000E+00 -0.3445972E-08
  0.1297000E+00 -0.4767978E-08
  0.1354000E+00 -0.6569218E-08
  0.1411000E+00 -0.9012812E-08
  0.1468000E+00 -0.1231358E-07
  0.1525000E+00 -0.1675312E-07
  0.1582000E+00 -0.2269886E-07
  0.1639000E+00 -0.3062804E-07
  0.1696000E+00 -0.4115766E-07
  0.1753000E+00 -0.5508175E-07
  0.1810000E+00 -0.7341747E-07
  0.1867000E+00 -0.9746190E-07
  0.1924000E+00 -0.1288614E-06
  0.1981000E+00 -0.1696961E-06
  0.2038000E+00 -0.2225823E-06
  0.2095000E+00 -0.2907952E-06
  0.2152000E+00 -0.3784162E-06
  0.2209000E+00 -0.4905080E-06
  0.2266000E+00 -0.6333212E-06
  0.2323000E+00 -0.8145373E-06
  0.2380000E+00 -0.1043553E-05
  0.2437000E+00 -0.1331806E-05
  0.2494000E+00 -0.1693161E-05
  0.2551000E+00 -0.2144333E-05
  0.2608000E+00 -0.2705389E-05
  0.2665000E+00 -0.3400297E-05
  0.2722000E+00 -0.4257547E-05
  0.2779000E+00 -0.5310841E-05
  0.2836000E+00 -0.6599846E-05
  0.2893000E+00 -0.8171019E-05
  0.2950000E+00 -0.1007849E-04
  0.3007000E+00 -0.1238500E-04
  0.3064000E+00 -0.1516290E-04
  0.3121000E+00 -0.1849517E-04
  0.3178000E+00 -0.2247645E-04
  0.3235000E+00 -0.2721411E-04
  0.3292000E+00 -0.3282920E-04
  0.3349000E+00 -0.3945744E-04
  0.3406000E+00 -0.4725005E-04
  0.3463000E+00 -0.5637445E-04
  0.3520000E+00 -0.6701476E-04
  0.3577000E+00 -0.7937208E-04
  0.3634000E+00 -0.9366443E-04
  0.3691000E+00 -0.1101264E-03
  0.3748000E+00 -0.1290082E-03
  0.3805000E+00 -0.1505746E-03
  0.3862000E+00 -0.1751026E-03
  0.3919000E+00 -0.2028795E-03
  0.3976000E+00 -0.2341993E-03
  0.4033000E+00 -0.2693586E-03
  0.4090000E+00 -0.3086527E-03
  0.4147000E+00 -0.3523694E-03
  0.4204000E+00 -0.4007826E-03
  0.4261000E+00 -0.4541461E-03
  0.4318000E+00 -0.5126846E-03
  0.4375000E+00 -0.5765859E-03
  0.4432000E+00 -0.6459912E-03
  0.4489000E+00 -0.7209857E-03
  0.4546000E+00 -0.8015884E-03
  0.4603000E+00 -0.8877414E-03
  0.4660000E+00 -0.9793002E-03
  0.4717000E+00 -0.1076023E-02
  0.4774000E+00 -0.1177563E-02
  0.4831000E+00 -0.1283456E-02
  0.4888000E+00 -0.1393118E-02
  0.4945000E+00 -0.1505834E-02
  0.5002000E+00 -0.1620758E-02
  0.5059000E+00 -0.1736910E-02
  0.5116000E+00 -0.1853174E-02
  0.5173000E+00 -0.1968304E-02
  0.5230000E+00 -0.2080931E-02
  0.5287000E+00 -0.2189570E-02
  0.5344000E+00 -0.2292637E-02
  0.5401000E+00 -0.2388462E-02
  0.5458000E+00 -0.2475310E-02
  0.5515000E+00 -0.2551412E-02
  0.5572000E+00 -0.2614980E-02
  0.5629000E+00 -0.2664251E-02
  0.5686000E+00 -0.2697509E-02
  0.5743000E+00 -0.2713131E-02
  0.5800000E+00 -0.2709617E-02
  0.5857000E+00 -0.2685630E-02
  0.5914000E+00 -0.2640038E-02
  0.5971000E+00 -0.2571950E-02
  0.6028000E+00 -0.2480752E-02
  0.6085000E+00 -0.2366140E-02
  0.6142000E+00 -0.2228155E-02
  0.6199000E+00 -0.2067206E-02
  0.6256000E+00 -0.1884087E-02
  0.6313000E+00 -0.1679998E-02
  0.6370000E+00 -0.1456547E-02
  0.6427000E+00 -0.1215749E-02
  0.6484000E+00 -0.9600185E-03
  0.6541000E+00 -0.6921470E-03
  0.6598000E+00 -0.4152781E-03
  0.6655000E+00 -0.1328684E-03
  0.6712000E+00  0.1513584E-03
  0.6769000E+00  0.4334663E-03
  0.6826000E+00  0.7093696E-03
  0.6883000E+00  0.9749029E-03
  0.6940000E+00  0.1225896E-02
  0.6997000E+00  0.1458253E-02
  0.7054000E+00  0.1668036E-02
  0.7111000E+00  0.1851548E-02
  0.7168000E+00  0.2005414E-02
  0.7225000E+00  0.2126663E-02
  0.7282000E+00  0.2212800E-02
  0.7339000E+00  0.2261880E-02
  0.7396000E+00  0.2272560E-02
  0.7453000E+00  0.2244156E-02
  0.7510000E+00  0.2176673E-02
  0.7567000E+00  0.2070836E-02
  0.7624000E+00  0.1928095E-02
  0.7681000E+00  0.1750622E-02
  0.7738000E+00  0.1541287E-02
  0.7795000E+00  0.1303624E-02
  0.7852000E+00  0.1041774E-02
  0.7909000E+00  0.7604239E-03
  0.7966000E+00  0.4647168E-03
  0.8023000E+00  0.1601644E-03
  0.8080000E+00 -0.1474601E-03
  0.8137000E+00 -0.4522353E-03
  0.8194000E+00 -0.7482098E-03
  0.8251000E+00 -0.1029527E-02
  0.8308000E+00 -0.1290545E-02
  0.8365000E+00 -0.1525966E-02
  0.8422000E+00 -0.1730945E-02
  0.8479000E+00 -0.1901203E-02
  0.8536000E+00 -0.2033130E-02
  0.8593000E+00 -0.2123863E-02
  0.8650000E+00 -0.2171365E-02
  0.8707000E+00 -0.2174475E-02
  0.8764000E+00 -0.2132948E-02
  0.8821000E+00 -0.2047463E-02
  0.8878000E+00 -0.1919631E-02
  0.8935000E+00 -0.1751957E-02
  0.8992000E+00 -0.1547806E-02
  0.9049000E+00 -0.1311332E-02
  0.9106000E+00 -0.1047397E-02
  0.9163000E+00 -0.7614713E-03
  0.9220000E+00 -0.4595195E-03
  0.9277000E+00 -0.1478755E-03
  0.9334000E+00  0.1668939E-03
  0.9391000E+00  0.4781295E-03
  0.9448000E+00  0.7792245E-03
  0.9505000E+00  0.1063768E-02
  0.9562000E+00  0.1325687E-02
  0.9619000E+00  0.1559377E-02
  0.9676000E+00  0.1759828E-02
  0.9733000E+00  0.1922735E-02
  0.9790000E+00  0.2044595E-02
  0.9847000E+00  0.2122779E-02
  0.9904000E+00  0.2155599E-02
  0.9961000E+00  0.2142341E-02
  0.1001800E+01  0.2083280E-02
  0.1007500E+01  0.1979678E-02
  0.1013200E+01  0.1833754E-02
  0.1018900E+01  0.1648637E-02
  0.1024600E+01  0.1428297E-02
  0.1030300E+01  0.1177454E-02
  0.1036000E+01  0.9014812E-03
  0.1041700E+01  0.6062815E-03
  0.1047400E+01  0.2981614E-03
  0.1053100E+01 -0.1630674E-04
  0.1058800E+01 -0.3304281E-03
  0.1064500E+01 -0.6375295E-03
  0.1070200E+01 -0.9311033E-03
  0.1075900E+01 -0.1204947E-02
  0.1081600E+01 -0.1453293E-02
  0.1087300E+01 -0.1670935E-02
  0.1093000E+01 -0.1853330E-02
  0.1098700E+01 -0.1996700E-02
  0.1104400E+01 -0.2098100E-02
  0.1110100E+01 -0.2155483E-02
  0.1115800E+01 -0.2167734E-02
  0.1121500E+01 -0.2134691E-02
  0.1127200E+01 -0.2057139E-02
  0.1132900E+01 -0.1936792E-02
  0.1138600E+01 -0.1776246E-02
  0.1144300E+01 -0.1578921E-02
  0.1150000E+01 -0.1348983E-02
  0.1155700E+01 -0.1091253E-02
  0.1161400E+01 -0.8110990E-03
  0.1167100E+01 -0.5143229E-03
  0.1172800E+01 -0.2070357E-03
  0.1178500E+01  0.1044707E-03
  0.1184200E+01  0.4138542E-03
  0.1189900E+01  0.7148531E-03
  0.1195600E+01  0.1001413E-02
  0.1201300E+01  0.1267809E-02
  0.1207000E+01  0.1508757E-02
  0.1212700E+01  0.1719518E-02
  0.1218400E+01  0.1895990E-02
  0.1224100E+01  0.2034778E-02
  0.1229800E+01  0.2133263E-02
  0.1235500E+01  0.2189640E-02
  0.1241200E+01  0.2202949E-02
  0.1246900E+01  0.2173083E-02
  0.1252600E+01  0.2100782E-02
  0.1258300E+01  0.1987610E-02
  0.1264000E+01  0.1835913E-02
  0.1269700E+01  0.1648767E-02
  0.1275400E+01  0.1429908E-02
  0.1281100E+01  0.1183652E-02
  0.1286800E+01  0.9148087E-03
  0.1292500E+01  0.6285772E-03
  0.1298200E+01  0.3304467E-03
  0.1303900E+01  0.2608644E-04
  0.1309600E+01 -0.2787635E-03
  0.1315300E+01 -0.5784019E-03
  0.1321000E+01 -0.8672728E-03
  0.1326700E+01 -0.1140068E-02
  0.1332400E+01 -0.1391822E-02
  0.1338100E+01 -0.1618001E-02
  0.1343800E+01 -0.1814582E-02
  0.1349500E+01 -0.1978115E-02
  0.1355200E+01 -0.2105785E-02
  0.1360900E+01 -0.2195451E-02
  0.1366600E+01 -0.2245677E-02
  0.1372300E+01 -0.2255748E-02
  0.1378000E+01 -0.2225671E-02
  0.1383700E+01 -0.2156169E-02
  0.1389400E+01 -0.2048655E-02
  0.1395100E+01 -0.1905196E-02
  0.1400800E+01 -0.1728472E-02
  0.1406500E+01 -0.1521714E-02
  0.1412200E+01 -0.1288646E-02
  0.1417900E+01 -0.1033406E-02
  0.1423600E+01 -0.7604744E-03
  0.1429300E+01 -0.4745895E-03
  0.1435000E+01 -0.1806613E-03
  0.1440700E+01  0.1163131E-03
  0.1446400E+01  0.4113363E-03
  0.1452100E+01  0.6994947E-03
  0.1457800E+01  0.9760396E-03
  0.1463500E+01  0.1236464E-02
  0.1469200E+01  0.1476574E-02
  0.1474900E+01  0.1692553E-02
  0.1480600E+01  0.1881018E-02
  0.1486300E+01  0.2039068E-02
  0.1492000E+01  0.2164325E-02
  0.1497700E+01  0.2254963E-02
  0.1503400E+01  0.2309727E-02
  0.1509100E+01  0.2327948E-02
  0.1514800E+01  0.2309539E-02
  0.1520500E+01  0.2254990E-02
  0.1526200E+01  0.2165351E-02
  0.1531900E+01  0.2042204E-02
  0.1537600E+01  0.1887633E-02
  0.1543300E+01  0.1704179E-02
  0.1549000E+01  0.1494796E-02
  0.1554700E+01  0.1262801E-02
  0.1560400E+01  0.1011811E-02
  0.1566100E+01  0.7456895E-03
  0.1571800E+01  0.4684802E-03
  0.1577500E+01  0.1843455E-03
  0.1583200E+01 -0.1024985E-03
  0.1588900E+01 -0.3878448E-03
  0.1594600E+01 -0.6675577E-03
  0.1600300E+01 -0.9376312E-03
  0.1606000E+01 -0.1194246E-02
  0.1611700E+01 -0.1433819E-02
  0.1617400E+01 -0.1653056E-02
  0.1623100E+01 -0.1848986E-02
  0.1628800E+01 -0.2019004E-02
  0.1634500E+01 -0.2160898E-02
  0.1640200E+01 -0.2272874E-02
  0.1645900E+01 -0.2353572E-02
  0.1651600E+01 -0.2402080E-02
  0.1657300E+01 -0.2417936E-02
  0.1663000E+01 -0.2401126E-02
  0.1668700E+01 -0.2352077E-02
  0.1674400E+01 -0.2271643E-02
  0.1680100E+01 -0.2161085E-02
  0.1685800E+01 -0.2022049E-02
  0.1691500E+01 -0.1856534E-02
  0.1697200E+01 -0.1666858E-02
  0.1702900E+01 -0.1455627E-02
  0.1708600E+01 -0.1225692E-02
  0.1714300E+01 -0.9801070E-03
  0.1720000E+01 -0.7220867E-03
  0.1725700E+01 -0.4549635E-03
  0.1731400E+01 -0.1821414E-03
  0.1737100E+01  0.9294752E-04
  0.1742800E+01  0.3668871E-03
  0.1748500E+01  0.6363192E-03
  0.1754200E+01  0.8979842E-03
  0.1759900E+01  0.1148759E-02
  0.1765600E+01  0.1385694E-02
  0.1771300E+01  0.1606042E-02
  0.1777000E+01  0.1807293E-02
  0.1782700E+01  0.1987194E-02
  0.1788400E+01  0.2143774E-02
  0.1794100E+01  0.2275362E-02
  0.1799800E+01  0.2380598E-02
  0.1805500E+01  0.2458448E-02
  0.1811200E+01  0.2508204E-02
  0.1816900E+01  0.2529487E-02
  0.1822600E+01  0.2522249E-02
  0.1828300E+01  0.2486762E-02
  0.1834000E+01  0.2423609E-02
  0.1839700E+01  0.2333676E-02
  0.1845400E+01  0.2218129E-02
  0.1851100E+01  0.2078403E-02
  0.1856800E+01  0.1916172E-02
  0.1862500E+01  0.1733337E-02
  0.1868200E+01  0.1531988E-02
  0.1873900E+01  0.1314389E-02
  0.1879600E+01  0.1082943E-02
  0.1885300E+01  0.8401668E-03
  0.1891000E+01  0.5886608E-03
  0.1896700E+01  0.3310803E-03
  0.1902400E+01  0.7010708E-04
  0.1908100E+01 -0.1915796E-03
  0.1913800E+01 -0.4513302E-03
  0.1919500E+01 -0.7065513E-03
  0.1925200E+01 -0.9547309E-03
  0.1930900E+01 -0.1193462E-02
  0.1936600E+01 -0.1420465E-02
  0.1942300E+01 -0.1633606E-02
  0.1948000E+01 -0.1830918E-02
  0.1953700E+01 -0.2010614E-02
  0.1959400E+01 -0.2171101E-02
  0.1965100E+01 -0.2310992E-02
  0.1970800E+01 -0.2429117E-02
  0.1976500E+01 -0.2524524E-02
  0.1982200E+01 -0.2596488E-02
  0.1987900E+01 -0.2644515E-02
  0.1993600E+01 -0.2668334E-02
  0.1999300E+01 -0.2667903E-02
  0.2005000E+01 -0.2643399E-02
  0.2010700E+01 -0.2595214E-02
  0.2016400E+01 -0.2523947E-02
  0.2022100E+01 -0.2430394E-02
  0.2027800E+01 -0.2315536E-02
  0.2033500E+01 -0.2180527E-02
  0.2039200E+01 -0.2026678E-02
  0.2044900E+01 -0.1855446E-02
  0.2050600E+01 -0.1668415E-02
  0.2056300E+01 -0.1467283E-02
  0.2062000E+01 -0.1253838E-02
  0.2067700E+01 -0.1029949E-02
  0.2073400E+01 -0.7975433E-03
  0.2079100E+01 -0.5585917E-03
  0.2084800E+01 -0.3150889E-03
  0.2090500E+01 -0.6903764E-04
  0.2096200E+01  0.1775678E-03
  0.2101900E+01  0.4227583E-03
  0.2107600E+01  0.6646047E-03
  0.2113300E+01  0.9012332E-03
  0.2119000E+01  0.1130838E-02
  0.2124700E+01  0.1351696E-02
  0.2130400E+01  0.1562176E-02
  0.2136100E+01  0.1760752E-02
  0.2141800E+01  0.1946011E-02
  0.2147500E+01  0.2116661E-02
  0.2153200E+01  0.2271542E-02
  0.2158900E+01  0.2409625E-02
  0.2164600E+01  0.2530024E-02
  0.2170300E+01  0.2631995E-02
  0.2176000E+01  0.2714939E-02
  0.2181700E+01  0.2778407E-02
  0.2187400E+01  0.2822092E-02
  0.2193100E+01  0.2845836E-02
  0.2198800E+01  0.2849625E-02
  0.2204500E+01  0.2833583E-02
  0.2210200E+01  0.2797972E-02
  0.2215900E+01  0.2743185E-02
  0.2221600E+01  0.2669741E-02
  0.2227300E+01  0.2578280E-02
  0.2233000E+01  0.2469550E-02
  0.2238700E+01  0.2344408E-02
  0.2244400E+01  0.2203805E-02
  0.2250100E+01  0.2048780E-02
  0.2255800E+01  0.1880450E-02
  0.2261500E+01  0.1700003E-02
  0.2267200E+01  0.1508686E-02
  0.2272900E+01  0.1307798E-02
  0.2278600E+01  0.1098677E-02
  0.2284300E+01  0.8826934E-03
  0.2290000E+01  0.6612388E-03
  0.2295700E+01  0.4357179E-03
  0.2301400E+01  0.2075384E-03
  0.2307100E+01 -0.2189747E-04
  0.2312800E+01 -0.2512019E-03
  0.2318500E+01 -0.4790092E-03
  0.2324200E+01 -0.7039842E-03
  0.2329900E+01 -0.9248293E-03
  0.2335600E+01 -0.1140292E-02
  0.2341300E+01 -0.1349169E-02
  0.2347000E+01 -0.1550318E-02
  0.2352700E+01 -0.1742655E-02
  0.2358400E+01 -0.1925165E-02
  0.2364100E+01 -0.2096906E-02
  0.2369800E+01 -0.2257010E-02
  0.2375500E+01 -0.2404688E-02
  0.2381200E+01 -0.2539232E-02
  0.2386900E+01 -0.2660017E-02
  0.2392600E+01 -0.2766505E-02
  0.2398300E+01 -0.2858241E-02
  0.2404000E+01 -0.2934859E-02
  0.2409700E+01 -0.2996077E-02
  0.2415400E+01 -0.3041700E-02
  0.2421100E+01 -0.3071618E-02
  0.2426800E+01 -0.3085805E-02
  0.2432500E+01 -0.3084315E-02
  0.2438200E+01 -0.3067281E-02
  0.2443900E+01 -0.3034915E-02
  0.2449600E+01 -0.2987502E-02
  0.2455300E+01 -0.2925395E-02
  0.2461000E+01 -0.2849018E-02
  0.2466700E+01 -0.2758856E-02
  0.2472400E+01 -0.2655453E-02
  0.2478100E+01 -0.2539411E-02
  0.2483800E+01 -0.2411379E-02
  0.2489500E+01 -0.2272056E-02
  0.2495200E+01 -0.2122181E-02
  0.2500900E+01 -0.1962530E-02
  0.2506600E+01 -0.1793914E-02
  0.2512300E+01 -0.1617169E-02
  0.2518000E+01 -0.1433158E-02
  0.2523700E+01 -0.1242759E-02
  0.2529400E+01 -0.1046868E-02
  0.2535100E+01 -0.8463882E-03
  0.2540800E+01 -0.6422291E-03
  0.2546500E+01 -0.4353013E-03
  0.2552200E+01 -0.2265126E-03
  0.2557900E+01 -0.1676351E-04
  0.2563600E+01  0.1930560E-03
  0.2569300E+01  0.4020707E-03
  0.2575000E+01  0.6094230E-03
  0.2580700E+01  0.8142767E-03
  0.2586400E+01  0.1015820E-02
  0.2592100E+01  0.1213268E-02
  0.2597800E+01  0.1405866E-02
  0.2603500E+01  0.1592890E-02
  0.2609200E+01  0.1773654E-02
  0.2614900E+01  0.1947505E-02
  0.2620600E+01  0.2113830E-02
  0.2626300E+01  0.2272055E-02
  0.2632000E+01  0.2421647E-02
  0.2637700E+01  0.2562117E-02
  0.2643400E+01  0.2693017E-02
  0.2649100E+01  0.2813944E-02
  0.2654800E+01  0.2924539E-02
  0.2660500E+01  0.3024487E-02
  0.2666200E+01  0.3113518E-02
  0.2671900E+01  0.3191408E-02
  0.2677600E+01  0.3257977E-02
  0.2683300E+01  0.3313085E-02
  0.2689000E+01  0.3356642E-02
  0.2694700E+01  0.3388594E-02
  0.2700400E+01  0.3408933E-02
  0.2706100E+01  0.3417691E-02
  0.2711800E+01  0.3414937E-02
  0.2717500E+01  0.3400781E-02
  0.2723200E+01  0.3375369E-02
  0.2728900E+01  0.3338882E-02
  0.2734600E+01  0.3291535E-02
  0.2740300E+01  0.3233576E-02
  0.2746000E+01  0.3165282E-02
  0.2751700E+01  0.3086960E-02
  0.2757400E+01  0.2998945E-02
  0.2763100E+01  0.2901595E-02
  0.2768800E+01  0.2795292E-02
  0.2774500E+01  0.2680442E-02
  0.2780200E+01  0.2557466E-02
  0.2785900E+01  0.2426807E-02
  0.2791600E+01  0.2288922E-02
  0.2797300E+01  0.2144281E-02
  0.2803000E+01  0.1993368E-02
  0.2808700E+01  0.1836676E-02
  0.2814400E+01  0.1674707E-02
  0.2820100E+01  0.1507969E-02
  0.2825800E+01  0.1336976E-02
  0.2831500E+01  0.1162243E-02
  0.2837200E+01  0.9842885E-03
  0.2842900E+01  0.8036306E-03
  0.2848600E+01  0.6207851E-03
  0.2854300E+01  0.4362651E-03
  0.2860000E+01  0.2505788E-03
  0.2865700E+01  0.6422885E-04
  0.2871400E+01 -0.1222897E-03
  0.2877100E+01 -0.3084902E-03
  0.2882800E+01 -0.4938956E-03
  0.2888500E+01 -0.6780397E-03
  0.2894200E+01 -0.8604680E-03
  0.2899900E+01 -0.1040739E-02
  0.2905600E+01 -0.1218424E-02
  0.2911300E+01 -0.1393110E-02
  0.2917000E+01 -0.1564399E-02
  0.2922700E+01 -0.1731908E-02
  0.2928400E+01 -0.1895270E-02
  0.2934100E+01 -0.2054137E-02
  0.2939800E+01 -0.2208177E-02
  0.2945500E+01 -0.2357077E-02
  0.2951200E+01 -0.2500541E-02
  0.2956900E+01 -0.2638291E-02
  0.2962600E+01 -0.2770070E-02
  0.2968300E+01 -0.2895638E-02
  0.2974000E+01 -0.3014775E-02
  0.2979700E+01 -0.3127278E-02
  0.2985400E+01 -0.3232965E-02
  0.2991100E+01 -0.3331673E-02
  0.2996800E+01 -0.3423257E-02
  0.3002500E+01 -0.3507589E-02
  0.3008200E+01 -0.3584563E-02
  0.3013900E+01 -0.3654087E-02
  0.3019600E+01 -0.3716091E-02
  0.3025300E+01 -0.3770520E-02
  0.3031000E+01 -0.3817337E-02
  0.3036700E+01 -0.3856520E-02
  0.3042400E+01 -0.3888067E-02
  0.3048100E+01 -0.3911989E-02
  0.3053800E+01 -0.3928313E-02
  0.3059500E+01 -0.3937082E-02
  0.3065200E+01 -0.3938352E-02
  0.3070900E+01 -0.3932194E-02
  0.3076600E+01 -0.3918692E-02
  0.3082300E+01 -0.3897943E-02
  0.3088000E+01 -0.3870057E-02
  0.3093700E+01 -0.3835153E-02
  0.3099400E+01 -0.3793364E-02
  0.3105100E+01 -0.3744832E-02
  0.3110800E+01 -0.3689709E-02
  0.3116500E+01 -0.3628157E-02
  0.3122200E+01 -0.3560346E-02
  0.3127900E+01 -0.3486454E-02
  0.3133600E+01 -0.3406667E-02
  0.3139300E+01 -0.3321179E-02
  0.3145000E+01 -0.3230186E-02
  0.3150700E+01 -0.3133896E-02
  0.3156400E+01 -0.3032517E-02
  0.3162100E+01 -0.2926264E-02
  0.3167800E+01 -0.2815355E-02
  0.3173500E+01 -0.2700014E-02
  0.3179200E+01 -0.2580464E-02
  0.3184900E+01 -0.2456933E-02
  0.3190600E+01 -0.2329651E-02
  0.3196300E+01 -0.2198849E-02
  0.3202000E+01 -0.2064759E-02
  0.3207700E+01 -0.1927613E-02
  0.3213400E+01 -0.1787644E-02
  0.3219100E+01 -0.1645085E-02
  0.3224800E+01 -0.1500166E-02
  0.3230500E+01 -0.1353118E-02
  0.3236200E+01 -0.1204170E-02
  0.3241900E+01 -0.1053550E-02
  0.3247600E+01 -0.9014808E-03
  0.3253300E+01 -0.7481859E-03
  0.3259000E+01 -0.5938842E-03
  0.3264700E+01 -0.4387919E-03
  0.3270400E+01 -0.2831218E-03
  0.3276100E+01 -0.1270829E-03
  0.3281800E+01  0.2911988E-04
  0.3287500E+01  0.1852855E-03
  0.3293200E+01  0.3412175E-03
  0.3298900E+01  0.4967239E-03
  0.3304600E+01  0.6516175E-03
  0.3310300E+01  0.8057162E-03
  0.3316000E+01  0.9588426E-03
  0.3321700E+01  0.1110825E-02
  0.3327400E+01  0.1261496E-02
  0.3333100E+01  0.1410695E-02
  0.3338800E+01  0.1558267E-02
  0.3344500E+01  0.1704060E-02
  0.3350200E+01  0.1847930E-02
  0.3355900E+01  0.1989740E-02
  0.3361600E+01  0.2129355E-02
  0.3367300E+01  0.2266648E-02
  0.3373000E+01  0.2401498E-02
  0.3378700E+01  0.2533789E-02
  0.3384400E+01  0.2663411E-02
  0.3390100E+01  0.2790260E-02
  0.3395800E+01  0.2914238E-02
  0.3401500E+01  0.3035251E-02
  0.3407200E+01  0.3153213E-02
  0.3412900E+01  0.3268043E-02
  0.3418600E+01  0.3379665E-02
  0.3424300E+01  0.3488007E-02
  0.3430000E+01  0.3593006E-02
  0.3435700E+01  0.3694602E-02
  0.3441400E+01  0.3792740E-02
  0.3447100E+01  0.3887372E-02
  0.3452800E+01  0.3978453E-02
  0.3458500E+01  0.4065944E-02
  0.3464200E+01  0.4149811E-02
  0.3469900E+01  0.4230024E-02
  0.3475600E+01  0.4306560E-02
  0.3481300E+01  0.4379397E-02
  0.3487000E+01  0.4448519E-02
  0.3492700E+01  0.4513916E-02
  0.3498400E+01  0.4575580E-02
  0.3504100E+01  0.4633507E-02
  0.3509800E+01  0.4687699E-02
  0.3515500E+01  0.4738159E-02
  0.3521200E+01  0.4784896E-02
  0.3526900E+01  0.4827922E-02
  0.3532600E+01  0.4867251E-02
  0.3538300E+01  0.4902902E-02
  0.3544000E+01  0.4934897E-02
  0.3549700E+01  0.4963259E-02
  0.3555400E+01  0.4988017E-02
  0.3561100E+01  0.5009201E-02
  0.3566800E+01  0.5026842E-02
  0.3572500E+01  0.5040978E-02
  0.3578200E+01  0.5051645E-02
  0.3583900E+01  0.5058883E-02
  0.3589600E+01  0.5062735E-02
  0.3595300E+01  0.5063245E-02
  0.3601000E+01  0.5060458E-02
  0.3606700E+01  0.5054422E-02
  0.3612400E+01  0.5045187E-02
  0.3618100E+01  0.5032804E-02
  0.3623800E+01  0.5017325E-02
  0.3629500E+01  0.4998804E-02
  0.3635200E+01  0.4977295E-02
  0.3640900E+01  0.4952855E-02
  0.3646600E+01  0.4925541E-02
  0.3652300E+01  0.4895410E-02
  0.3658000E+01  0.4862521E-02
  0.3663700E+01  0.4826934E-02
  0.3669400E+01  0.4788709E-02
  0.3675100E+01  0.4747905E-02
  0.3680800E+01  0.4704585E-02
  0.3686500E+01  0.4658809E-02
  0.3692200E+01  0.4610639E-02
  0.3697900E+01  0.4560137E-02
  0.3703600E+01  0.4507364E-02
  0.3709300E+01  0.4452383E-02
  0.3715000E+01  0.4395255E-02
  0.3720700E+01  0.4336042E-02
  0.3726400E+01  0.4274806E-02
  0.3732100E+01  0.4211607E-02
  0.3737800E+01  0.4146507E-02
  0.3743500E+01  0.4079567E-02
  0.3749200E+01  0.4010846E-02
  0.3754900E+01  0.3940405E-02
  0.3760600E+01  0.3868303E-02
  0.3766300E+01  0.3794598E-02
  0.3772000E+01  0.3719349E-02
  0.3777700E+01  0.3642612E-02
  0.3783400E+01  0.3564445E-02
  0.3789100E+01  0.3484904E-02
  0.3794800E+01  0.3404044E-02
  0.3800500E+01  0.3321918E-02
  0.3806200E+01  0.3238581E-02
  0.3811900E+01  0.3154085E-02
  0.3817600E+01  0.3068482E-02
  0.3823300E+01  0.2981823E-02
  0.3829000E+01  0.2894158E-02
  0.3834700E+01  0.2805535E-02
  0.3840400E+01  0.2716002E-02
  0.3846100E+01  0.2625607E-02
  0.3851800E+01  0.2534394E-02
  0.3857500E+01  0.2442409E-02
  0.3863200E+01  0.2349696E-02
  0.3868900E+01  0.2256296E-02
  0.3874600E+01  0.2162252E-02
  0.3880300E+01  0.2067604E-02
  0.3886000E+01  0.1972391E-02
  0.3891700E+01  0.1876651E-02
  0.3897400E+01  0.1780421E-02
  0.3903100E+01  0.1683738E-02
  0.3908800E+01  0.1586636E-02
  0.3914500E+01  0.1489148E-02
  0.3920200E+01  0.1391308E-02
  0.3925900E+01  0.1293146E-02
  0.3931600E+01  0.1194693E-02
  0.3937300E+01  0.1095978E-02
  0.3943000E+01  0.9970280E-03
  0.3948700E+01  0.8978711E-03
  0.3954400E+01  0.7985325E-03
  0.3960100E+01  0.6990367E-03
  0.3965800E+01  0.5994074E-03
  0.3971500E+01  0.4996667E-03
  0.3977200E+01  0.3998360E-03
  0.3982900E+01  0.2999355E-03
  0.3988600E+01  0.1999841E-03
  0.3994300E+01  0.1000000E-03
  0.4000000E+01  0.0000000E+00
