  0.1000000E-01  0.0000000E+00
  0.1570000E-01  0.1187177E+02
  0.2140000E-01  0.2587598E+02
  0.2710000E-01  0.4442505E+02
  0.3280000E-01  0.7060329E+02
  0.3850000E-01  0.1086354E+03
  0.4420000E-01  0.1644977E+03
  0.4990000E-01  0.2467507E+03
  0.5560000E-01  0.3676953E+03
  0.6130000E-01  0.5449872E+03
  0.6700000E-01  0.8038911E+03
  0.7270000E-01  0.1180422E+04
  0.7840000E-01  0.1725702E+04
  0.8410000E-01  0.2511985E+04
  0.8980000E-01  0.3640940E+04
  0.9550000E-01  0.5255000E+04
  0.1012000E+00  0.7552822E+04
  0.1069000E+00  0.1081027E+05
  0.1126000E+00  0.1540878E+05
  0.1183000E+00  0.2187339E+05
  0.1240000E+00  0.3092380E+05
  0.1297000E+00  0.4354225E+05
  0.1354000E+00  0.6106355E+05
  0.1411000E+00  0.8529400E+05
  0.1468000E+00  0.1186675E+06
  0.1525000E+00  0.1644501E+06
  0.1582000E+00  0.2270058E+06
  0.1639000E+00  0.3121417E+06
  0.1696000E+00  0.4275531E+06
  0.1753000E+00  0.5833955E+06
  0.1810000E+00  0.7930162E+06
  0.1867000E+00  0.1073886E+07
  0.1924000E+00  0.1448780E+07
  0.1981000E+00  0.1947268E+07
  0.2038000E+00  0.2607587E+07
  0.2095000E+00  0.3478985E+07
  0.2152000E+00  0.4624633E+07
  0.2209000E+00  0.6125246E+07
  0.2266000E+00  0.8083543E+07
  0.2323000E+00  0.1062973E+08
  0.2380000E+00  0.1392819E+08
  0.2437000E+00  0.1818569E+08
  0.2494000E+00  0.2366121E+08
  0.2551000E+00  0.3067795E+08
  0.2608000E+00  0.3963760E+08
  0.2665000E+00  0.5103754E+08
  0.2722000E+00  0.6549119E+08
  0.2779000E+00  0.8375218E+08
  0.2836000E+00  0.1067428E+09
  0.2893000E+00  0.1355875E+09
  0.2950000E+00  0.1716518E+09
  0.3007000E+00  0.2165874E+09
  0.3064000E+00  0.2723850E+09
  0.3121000E+00  0.3414341E+09
  0.3178000E+00  0.4265920E+09
  0.3235000E+00  0.5312626E+09
  0.3292000E+00  0.6594845E+09
  0.3349000E+00  0.8160315E+09
  0.3406000E+00  0.1006524E+10
  0.3463000E+00  0.1237555E+10
  0.3520000E+00  0.1516824E+10
  0.3577000E+00  0.1853293E+10
  0.3634000E+00  0.2257349E+10
  0.3691000E+00  0.2740982E+10
  0.3748000E+00  0.3317980E+10
  0.3805000E+00  0.4004133E+10
  0.3862000E+00  0.4817450E+10
  0.3919000E+00  0.5778389E+10
  0.3976000E+00  0.6910088E+10
  0.4033000E+00  0.8238614E+10
  0.4090000E+00  0.9793202E+10
  0.4147000E+00  0.1160650E+11
  0.4204000E+00  0.1371481E+11
  0.4261000E+00  0.1615832E+11
  0.4318000E+00  0.1898129E+11
  0.4375000E+00  0.2223227E+11
  0.4432000E+00  0.2596424E+11
  0.4489000E+00  0.3023475E+11
  0.4546000E+00  0.3510594E+11
  0.4603000E+00  0.4064461E+11
  0.4660000E+00  0.4692213E+11
  0.4717000E+00  0.5401434E+11
  0.4774000E+00  0.6200131E+11
  0.4831000E+00  0.7096704E+11
  0.4888000E+00  0.8099906E+11
  0.4945000E+00  0.9218788E+11
  0.5002000E+00  0.1046263E+12
  0.5059000E+00  0.1184089E+12
  0.5116000E+00  0.1336305E+12
  0.5173000E+00  0.1503858E+12
  0.5230000E+00  0.1687679E+12
  0.5287000E+00  0.1888669E+12
  0.5344000E+00  0.2107683E+12
  0.5401000E+00  0.2345520E+12
  0.5458000E+00  0.2602897E+12
  0.5515000E+00  0.2880439E+12
  0.5572000E+00  0.3178654E+12
  0.5629000E+00  0.3497916E+12
  0.5686000E+00  0.3838442E+12
  0.5743000E+00  0.4200275E+12
  0.5800000E+00  0.4583259E+12
  0.5857000E+00  0.4987022E+12
  0.5914000E+00  0.5410955E+12
  0.5971000E+00  0.5854192E+12
  0.6028000E+00  0.6315597E+12
  0.6085000E+00  0.6793747E+12
  0.6142000E+00  0.7286916E+12
  0.6199000E+00  0.7793072E+12
  0.6256000E+00  0.8309865E+12
  0.6313000E+00  0.8834627E+12
  0.6370000E+00  0.9364370E+12
  0.6427000E+00  0.9895795E+12
  0.6484000E+00  0.1042530E+13
  0.6541000E+00  0.1094900E+13
  0.6598000E+00  0.1146273E+13
  0.6655000E+00  0.1196209E+13
  0.6712000E+00  0.1244247E+13
  0.6769000E+00  0.1289908E+13
  0.6826000E+00  0.1332699E+13
  0.6883000E+00  0.1372119E+13
  0.6940000E+00  0.1407662E+13
  0.6997000E+00  0.1438823E+13
  0.7054000E+00  0.1465105E+13
  0.7111000E+00  0.1486023E+13
  0.7168000E+00  0.1501113E+13
  0.7225000E+00  0.1509935E+13
  0.7282000E+00  0.1512081E+13
  0.7339000E+00  0.1507184E+13
  0.7396000E+00  0.1494921E+13
  0.7453000E+00  0.1475019E+13
  0.7510000E+00  0.1447263E+13
  0.7567000E+00  0.1411502E+13
  0.7624000E+00  0.1367651E+13
  0.7681000E+00  0.1315696E+13
  0.7738000E+00  0.1255701E+13
  0.7795000E+00  0.1187807E+13
  0.7852000E+00  0.1112235E+13
  0.7909000E+00  0.1029289E+13
  0.7966000E+00  0.9393530E+12
  0.8023000E+00  0.8428936E+12
  0.8080000E+00  0.7404558E+12
  0.8137000E+00  0.6326610E+12
  0.8194000E+00  0.5202028E+12
  0.8251000E+00  0.4038422E+12
  0.8308000E+00  0.2844017E+12
  0.8365000E+00  0.1627582E+12
  0.8422000E+00  0.3983532E+11
  0.8479000E+00 -0.8340501E+11
  0.8536000E+00 -0.2059720E+12
  0.8593000E+00 -0.3268558E+12
  0.8650000E+00 -0.4450378E+12
  0.8707000E+00 -0.5595016E+12
  0.8764000E+00 -0.6692435E+12
  0.8821000E+00 -0.7732840E+12
  0.8878000E+00 -0.8706786E+12
  0.8935000E+00 -0.9605284E+12
  0.8992000E+00 -0.1041991E+13
  0.9049000E+00 -0.1114290E+13
  0.9106000E+00 -0.1176725E+13
  0.9163000E+00 -0.1228679E+13
  0.9220000E+00 -0.1269629E+13
  0.9277000E+00 -0.1299147E+13
  0.9334000E+00 -0.1316914E+13
  0.9391000E+00 -0.1322717E+13
  0.9448000E+00 -0.1316458E+13
  0.9505000E+00 -0.1298150E+13
  0.9562000E+00 -0.1267926E+13
  0.9619000E+00 -0.1226031E+13
  0.9676000E+00 -0.1172824E+13
  0.9733000E+00 -0.1108775E+13
  0.9790000E+00 -0.1034458E+13
  0.9847000E+00 -0.9505505E+12
  0.9904000E+00 -0.8578204E+12
  0.9961000E+00 -0.7571233E+12
  0.1001800E+01 -0.6493921E+12
  0.1007500E+01 -0.5356273E+12
  0.1013200E+01 -0.4168871E+12
  0.1018900E+01 -0.2942764E+12
  0.1024600E+01 -0.1689359E+12
  0.1030300E+01 -0.4203000E+11
  0.1036000E+01  0.8526489E+11
  0.1041700E+01  0.2117720E+12
  0.1047400E+01  0.3363263E+12
  0.1053100E+01  0.4577856E+12
  0.1058800E+01  0.5750425E+12
  0.1064500E+01  0.6870342E+12
  0.1070200E+01  0.7927535E+12
  0.1075900E+01  0.8912576E+12
  0.1081600E+01  0.9816769E+12
  0.1087300E+01  0.1063223E+13
  0.1093000E+01  0.1135196E+13
  0.1098700E+01  0.1196987E+13
  0.1104400E+01  0.1248089E+13
  0.1110100E+01  0.1288095E+13
  0.1115800E+01  0.1316703E+13
  0.1121500E+01  0.1333716E+13
  0.1127200E+01  0.1339044E+13
  0.1132900E+01  0.1332703E+13
  0.1138600E+01  0.1314812E+13
  0.1144300E+01  0.1285592E+13
  0.1150000E+01  0.1245359E+13
  0.1155700E+01  0.1194525E+13
  0.1161400E+01  0.1133584E+13
  0.1167100E+01  0.1063117E+13
  0.1172800E+01  0.9837752E+12
  0.1178500E+01  0.8962776E+12
  0.1184200E+01  0.8014027E+12
  0.1189900E+01  0.6999797E+12
  0.1195600E+01  0.5928803E+12
  0.1201300E+01  0.4810100E+12
  0.1207000E+01  0.3652998E+12
  0.1212700E+01  0.2466970E+12
  0.1218400E+01  0.1261569E+12
  0.1224100E+01  0.4634509E+10
  0.1229800E+01 -0.1169236E+12
  0.1235500E+01 -0.2375873E+12
  0.1241200E+01 -0.3564501E+12
  0.1246900E+01 -0.4726360E+12
  0.1252600E+01 -0.5853063E+12
  0.1258300E+01 -0.6936651E+12
  0.1264000E+01 -0.7969646E+12
  0.1269700E+01 -0.8945103E+12
  0.1275400E+01 -0.9856643E+12
  0.1281100E+01 -0.1069849E+13
  0.1286800E+01 -0.1146551E+13
  0.1292500E+01 -0.1215321E+13
  0.1298200E+01 -0.1275777E+13
  0.1303900E+01 -0.1327605E+13
  0.1309600E+01 -0.1370557E+13
  0.1315300E+01 -0.1404455E+13
  0.1321000E+01 -0.1429186E+13
  0.1326700E+01 -0.1444702E+13
  0.1332400E+01 -0.1451021E+13
  0.1338100E+01 -0.1448219E+13
  0.1343800E+01 -0.1436431E+13
  0.1349500E+01 -0.1415848E+13
  0.1355200E+01 -0.1386712E+13
  0.1360900E+01 -0.1349313E+13
  0.1366600E+01 -0.1303987E+13
  0.1372300E+01 -0.1251107E+13
  0.1378000E+01 -0.1191086E+13
  0.1383700E+01 -0.1124364E+13
  0.1389400E+01 -0.1051413E+13
  0.1395100E+01 -0.9727255E+12
  0.1400800E+01 -0.8888126E+12
  0.1406500E+01 -0.8002010E+12
  0.1412200E+01 -0.7074273E+12
  0.1417900E+01 -0.6110343E+12
  0.1423600E+01 -0.5115675E+12
  0.1429300E+01 -0.4095713E+12
  0.1435000E+01 -0.3055850E+12
  0.1440700E+01 -0.2001403E+12
  0.1446400E+01 -0.9375761E+11
  0.1452100E+01  0.1305635E+11
  0.1457800E+01  0.1198114E+12
  0.1463500E+01  0.2260360E+12
  0.1469200E+01  0.3312795E+12
  0.1474900E+01  0.4351138E+12
  0.1480600E+01  0.5371351E+12
  0.1486300E+01  0.6369647E+12
  0.1492000E+01  0.7342508E+12
  0.1497700E+01  0.8286685E+12
  0.1503400E+01  0.9199211E+12
  0.1509100E+01  0.1007740E+13
  0.1514800E+01  0.1091885E+13
  0.1520500E+01  0.1172143E+13
  0.1526200E+01  0.1248332E+13
  0.1531900E+01  0.1320295E+13
  0.1537600E+01  0.1387903E+13
  0.1543300E+01  0.1451052E+13
  0.1549000E+01  0.1509667E+13
  0.1554700E+01  0.1563694E+13
  0.1560400E+01  0.1613104E+13
  0.1566100E+01  0.1657891E+13
  0.1571800E+01  0.1698069E+13
  0.1577500E+01  0.1733672E+13
  0.1583200E+01  0.1764755E+13
  0.1588900E+01  0.1791387E+13
  0.1594600E+01  0.1813654E+13
  0.1600300E+01  0.1831659E+13
  0.1606000E+01  0.1845514E+13
  0.1611700E+01  0.1855346E+13
  0.1617400E+01  0.1861291E+13
  0.1623100E+01  0.1863495E+13
  0.1628800E+01  0.1862111E+13
  0.1634500E+01  0.1857300E+13
  0.1640200E+01  0.1849227E+13
  0.1645900E+01  0.1838062E+13
  0.1651600E+01  0.1823978E+13
  0.1657300E+01  0.1807150E+13
  0.1663000E+01  0.1787754E+13
  0.1668700E+01  0.1765967E+13
  0.1674400E+01  0.1741964E+13
  0.1680100E+01  0.1715921E+13
  0.1685800E+01  0.1688009E+13
  0.1691500E+01  0.1658399E+13
  0.1697200E+01  0.1627255E+13
  0.1702900E+01  0.1594741E+13
  0.1708600E+01  0.1561013E+13
  0.1714300E+01  0.1526224E+13
  0.1720000E+01  0.1490522E+13
  0.1725700E+01  0.1454050E+13
  0.1731400E+01  0.1416941E+13
  0.1737100E+01  0.1379328E+13
  0.1742800E+01  0.1341333E+13
  0.1748500E+01  0.1303075E+13
  0.1754200E+01  0.1264664E+13
  0.1759900E+01  0.1226204E+13
  0.1765600E+01  0.1187795E+13
  0.1771300E+01  0.1149527E+13
  0.1777000E+01  0.1111487E+13
  0.1782700E+01  0.1073754E+13
  0.1788400E+01  0.1036400E+13
  0.1794100E+01  0.9994926E+12
  0.1799800E+01  0.9630930E+12
  0.1805500E+01  0.9272568E+12
  0.1811200E+01  0.8920337E+12
  0.1816900E+01  0.8574685E+12
  0.1822600E+01  0.8236008E+12
  0.1828300E+01  0.7904651E+12
  0.1834000E+01  0.7580916E+12
  0.1839700E+01  0.7265057E+12
  0.1845400E+01  0.6957289E+12
  0.1851100E+01  0.6657784E+12
  0.1856800E+01  0.6366681E+12
  0.1862500E+01  0.6084079E+12
  0.1868200E+01  0.5810048E+12
  0.1873900E+01  0.5544625E+12
  0.1879600E+01  0.5287820E+12
  0.1885300E+01  0.5039615E+12
  0.1891000E+01  0.4799969E+12
  0.1896700E+01  0.4568820E+12
  0.1902400E+01  0.4346083E+12
  0.1908100E+01  0.4131656E+12
  0.1913800E+01  0.3925422E+12
  0.1919500E+01  0.3727248E+12
  0.1925200E+01  0.3536986E+12
  0.1930900E+01  0.3354479E+12
  0.1936600E+01  0.3179560E+12
  0.1942300E+01  0.3012051E+12
  0.1948000E+01  0.2851769E+12
  0.1953700E+01  0.2698523E+12
  0.1959400E+01  0.2552119E+12
  0.1965100E+01  0.2412358E+12
  0.1970800E+01  0.2279038E+12
  0.1976500E+01  0.2151955E+12
  0.1982200E+01  0.2030905E+12
  0.1987900E+01  0.1915683E+12
  0.1993600E+01  0.1806084E+12
  0.1999300E+01  0.1701904E+12
  0.2005000E+01  0.1602942E+12
  0.2010700E+01  0.1508998E+12
  0.2016400E+01  0.1419876E+12
  0.2022100E+01  0.1335381E+12
  0.2027800E+01  0.1255324E+12
  0.2033500E+01  0.1179517E+12
  0.2039200E+01  0.1107778E+12
  0.2044900E+01  0.1039931E+12
  0.2050600E+01  0.9758000E+11
  0.2056300E+01  0.9152176E+11
  0.2062000E+01  0.8580197E+11
  0.2067700E+01  0.8040474E+11
  0.2073400E+01  0.7531468E+11
  0.2079100E+01  0.7051692E+11
  0.2084800E+01  0.6599709E+11
  0.2090500E+01  0.6174132E+11
  0.2096200E+01  0.5773628E+11
  0.2101900E+01  0.5396911E+11
  0.2107600E+01  0.5042749E+11
  0.2113300E+01  0.4709957E+11
  0.2119000E+01  0.4397398E+11
  0.2124700E+01  0.4103985E+11
  0.2130400E+01  0.3828677E+11
  0.2136100E+01  0.3570478E+11
  0.2141800E+01  0.3328438E+11
  0.2147500E+01  0.3101649E+11
  0.2153200E+01  0.2889248E+11
  0.2158900E+01  0.2690410E+11
  0.2164600E+01  0.2504351E+11
  0.2170300E+01  0.2330327E+11
  0.2176000E+01  0.2167628E+11
  0.2181700E+01  0.2015583E+11
  0.2187400E+01  0.1873554E+11
  0.2193100E+01  0.1740936E+11
  0.2198800E+01  0.1617156E+11
  0.2204500E+01  0.1501672E+11
  0.2210200E+01  0.1393970E+11
  0.2215900E+01  0.1293568E+11
  0.2221600E+01  0.1200005E+11
  0.2227300E+01  0.1112851E+11
  0.2233000E+01  0.1031696E+11
  0.2238700E+01  0.9561575E+10
  0.2244400E+01  0.8858719E+10
  0.2250100E+01  0.8204982E+10
  0.2255800E+01  0.7597154E+10
  0.2261500E+01  0.7032215E+10
  0.2267200E+01  0.6507325E+10
  0.2272900E+01  0.6019817E+10
  0.2278600E+01  0.5567186E+10
  0.2284300E+01  0.5147083E+10
  0.2290000E+01  0.4757303E+10
  0.2295700E+01  0.4395778E+10
  0.2301400E+01  0.4060572E+10
  0.2307100E+01  0.3749873E+10
  0.2312800E+01  0.3461981E+10
  0.2318500E+01  0.3195310E+10
  0.2324200E+01  0.2948373E+10
  0.2329900E+01  0.2719782E+10
  0.2335600E+01  0.2508241E+10
  0.2341300E+01  0.2312539E+10
  0.2347000E+01  0.2131544E+10
  0.2352700E+01  0.1964203E+10
  0.2358400E+01  0.1809532E+10
  0.2364100E+01  0.1666613E+10
  0.2369800E+01  0.1534593E+10
  0.2375500E+01  0.1412675E+10
  0.2381200E+01  0.1300120E+10
  0.2386900E+01  0.1196238E+10
  0.2392600E+01  0.1100387E+10
  0.2398300E+01  0.1011971E+10
  0.2404000E+01  0.9304361E+09
  0.2409700E+01  0.8552672E+09
  0.2415400E+01  0.7859859E+09
  0.2421100E+01  0.7221482E+09
  0.2426800E+01  0.6633421E+09
  0.2432500E+01  0.6091850E+09
  0.2438200E+01  0.5593224E+09
  0.2443900E+01  0.5134256E+09
  0.2449600E+01  0.4711900E+09
  0.2455300E+01  0.4323332E+09
  0.2461000E+01  0.3965939E+09
  0.2466700E+01  0.3637301E+09
  0.2472400E+01  0.3335179E+09
  0.2478100E+01  0.3057500E+09
  0.2483800E+01  0.2802348E+09
  0.2489500E+01  0.2567951E+09
  0.2495200E+01  0.2352672E+09
  0.2500900E+01  0.2154998E+09
  0.2506600E+01  0.1973530E+09
  0.2512300E+01  0.1806978E+09
  0.2518000E+01  0.1654151E+09
  0.2523700E+01  0.1513950E+09
  0.2529400E+01  0.1385359E+09
  0.2535100E+01  0.1267443E+09
  0.2540800E+01  0.1159340E+09
  0.2546500E+01  0.1060254E+09
  0.2552200E+01  0.9694534E+08
  0.2557900E+01  0.8862620E+08
  0.2563600E+01  0.8100585E+08
  0.2569300E+01  0.7402704E+08
  0.2575000E+01  0.6763709E+08
  0.2580700E+01  0.6178749E+08
  0.2586400E+01  0.5643365E+08
  0.2592100E+01  0.5153452E+08
  0.2597800E+01  0.4705237E+08
  0.2603500E+01  0.4295253E+08
  0.2609200E+01  0.3920311E+08
  0.2614900E+01  0.3577482E+08
  0.2620600E+01  0.3264077E+08
  0.2626300E+01  0.2977623E+08
  0.2632000E+01  0.2715853E+08
  0.2637700E+01  0.2476684E+08
  0.2643400E+01  0.2258204E+08
  0.2649100E+01  0.2058662E+08
  0.2654800E+01  0.1876447E+08
  0.2660500E+01  0.1710086E+08
  0.2666200E+01  0.1558226E+08
  0.2671900E+01  0.1419628E+08
  0.2677600E+01  0.1293154E+08
  0.2683300E+01  0.1177766E+08
  0.2689000E+01  0.1072509E+08
  0.2694700E+01  0.9765092E+07
  0.2700400E+01  0.8889682E+07
  0.2706100E+01  0.8091537E+07
  0.2711800E+01  0.7363958E+07
  0.2717500E+01  0.6700815E+07
  0.2723200E+01  0.6096499E+07
  0.2728900E+01  0.5545880E+07
  0.2734600E+01  0.5044267E+07
  0.2740300E+01  0.4587371E+07
  0.2746000E+01  0.4171270E+07
  0.2751700E+01  0.3792382E+07
  0.2757400E+01  0.3447430E+07
  0.2763100E+01  0.3133424E+07
  0.2768800E+01  0.2847631E+07
  0.2774500E+01  0.2587554E+07
  0.2780200E+01  0.2350915E+07
  0.2785900E+01  0.2135633E+07
  0.2791600E+01  0.1939810E+07
  0.2797300E+01  0.1761712E+07
  0.2803000E+01  0.1599758E+07
  0.2808700E+01  0.1452506E+07
  0.2814400E+01  0.1318640E+07
  0.2820100E+01  0.1196960E+07
  0.2825800E+01  0.1086372E+07
  0.2831500E+01  0.9858792E+06
  0.2837200E+01  0.8945719E+06
  0.2842900E+01  0.8116219E+06
  0.2848600E+01  0.7362743E+06
  0.2854300E+01  0.6678415E+06
  0.2860000E+01  0.6056970E+06
  0.2865700E+01  0.5492703E+06
  0.2871400E+01  0.4980420E+06
  0.2877100E+01  0.4515392E+06
  0.2882800E+01  0.4093312E+06
  0.2888500E+01  0.3710263E+06
  0.2894200E+01  0.3362679E+06
  0.2899900E+01  0.3047314E+06
  0.2905600E+01  0.2761219E+06
  0.2911300E+01  0.2501707E+06
  0.2917000E+01  0.2266337E+06
  0.2922700E+01  0.2052889E+06
  0.2928400E+01  0.1859343E+06
  0.2934100E+01  0.1683865E+06
  0.2939800E+01  0.1524787E+06
  0.2945500E+01  0.1380592E+06
  0.2951200E+01  0.1249903E+06
  0.2956900E+01  0.1131468E+06
  0.2962600E+01  0.1024151E+06
  0.2968300E+01  0.9269184E+05
  0.2974000E+01  0.8388327E+05
  0.2979700E+01  0.7590419E+05
  0.2985400E+01  0.6867730E+05
  0.2991100E+01  0.6213238E+05
  0.2996800E+01  0.5620571E+05
  0.3002500E+01  0.5083946E+05
  0.3008200E+01  0.4598116E+05
  0.3013900E+01  0.4158317E+05
  0.3019600E+01  0.3760229E+05
  0.3025300E+01  0.3399934E+05
  0.3031000E+01  0.3073876E+05
  0.3036700E+01  0.2778833E+05
  0.3042400E+01  0.2511880E+05
  0.3048100E+01  0.2270367E+05
  0.3053800E+01  0.2051891E+05
  0.3059500E+01  0.1854274E+05
  0.3065200E+01  0.1675542E+05
  0.3070900E+01  0.1513905E+05
  0.3076600E+01  0.1367743E+05
  0.3082300E+01  0.1235585E+05
  0.3088000E+01  0.1116102E+05
  0.3093700E+01  0.1008088E+05
  0.3099400E+01  0.9104515E+04
  0.3105100E+01  0.8222025E+04
  0.3110800E+01  0.7424462E+04
  0.3116500E+01  0.6703716E+04
  0.3122200E+01  0.6052447E+04
  0.3127900E+01  0.5464009E+04
  0.3133600E+01  0.4932387E+04
  0.3139300E+01  0.4452137E+04
  0.3145000E+01  0.4018332E+04
  0.3150700E+01  0.3626513E+04
  0.3156400E+01  0.3272646E+04
  0.3162100E+01  0.2953083E+04
  0.3167800E+01  0.2664522E+04
  0.3173500E+01  0.2403976E+04
  0.3179200E+01  0.2168745E+04
  0.3184900E+01  0.1956387E+04
  0.3190600E+01  0.1764692E+04
  0.3196300E+01  0.1591664E+04
  0.3202000E+01  0.1435498E+04
  0.3207700E+01  0.1294561E+04
  0.3213400E+01  0.1167379E+04
  0.3219100E+01  0.1052617E+04
  0.3224800E+01  0.9490700E+03
  0.3230500E+01  0.8556499E+03
  0.3236200E+01  0.7713724E+03
  0.3241900E+01  0.6953484E+03
  0.3247600E+01  0.6267745E+03
  0.3253300E+01  0.5649253E+03
  0.3259000E+01  0.5091454E+03
  0.3264700E+01  0.4588428E+03
  0.3270400E+01  0.4134828E+03
  0.3276100E+01  0.3725828E+03
  0.3281800E+01  0.3357068E+03
  0.3287500E+01  0.3024612E+03
  0.3293200E+01  0.2724907E+03
  0.3298900E+01  0.2454745E+03
  0.3304600E+01  0.2211230E+03
  0.3310300E+01  0.1991749E+03
  0.3316000E+01  0.1793943E+03
  0.3321700E+01  0.1615683E+03
  0.3327400E+01  0.1455049E+03
  0.3333100E+01  0.1310306E+03
  0.3338800E+01  0.1179892E+03
  0.3344500E+01  0.1062395E+03
  0.3350200E+01  0.9565431E+02
  0.3355900E+01  0.8611877E+02
  0.3361600E+01  0.7752934E+02
  0.3367300E+01  0.6979263E+02
  0.3373000E+01  0.6282442E+02
  0.3378700E+01  0.5654875E+02
  0.3384400E+01  0.5089714E+02
  0.3390100E+01  0.4580783E+02
  0.3395800E+01  0.4122515E+02
  0.3401500E+01  0.3709892E+02
  0.3407200E+01  0.3338388E+02
  0.3412900E+01  0.3003925E+02
  0.3418600E+01  0.2702828E+02
  0.3424300E+01  0.2431783E+02
  0.3430000E+01  0.2187805E+02
  0.3435700E+01  0.1968203E+02
  0.3441400E+01  0.1770553E+02
  0.3447100E+01  0.1592670E+02
  0.3452800E+01  0.1432586E+02
  0.3458500E+01  0.1288528E+02
  0.3464200E+01  0.1158899E+02
  0.3469900E+01  0.1042259E+02
  0.3475600E+01  0.9373129E+01
  0.3481300E+01  0.8428931E+01
  0.3487000E+01  0.7579481E+01
  0.3492700E+01  0.6815312E+01
  0.3498400E+01  0.6127897E+01
  0.3504100E+01  0.5509558E+01
  0.3509800E+01  0.4953382E+01
  0.3515500E+01  0.4453145E+01
  0.3521200E+01  0.4003243E+01
  0.3526900E+01  0.3598631E+01
  0.3532600E+01  0.3234768E+01
  0.3538300E+01  0.2907565E+01
  0.3544000E+01  0.2613344E+01
  0.3549700E+01  0.2348792E+01
  0.3555400E+01  0.2110928E+01
  0.3561100E+01  0.1897072E+01
  0.3566800E+01  0.1704807E+01
  0.3572500E+01  0.1531963E+01
  0.3578200E+01  0.1376585E+01
  0.3583900E+01  0.1236914E+01
  0.3589600E+01  0.1111368E+01
  0.3595300E+01  0.9985235E+00
  0.3601000E+01  0.8971003E+00
  0.3606700E+01  0.8059462E+00
  0.3612400E+01  0.7240251E+00
  0.3618100E+01  0.6504050E+00
  0.3623800E+01  0.5842475E+00
  0.3629500E+01  0.5247987E+00
  0.3635200E+01  0.4713806E+00
  0.3640900E+01  0.4233835E+00
  0.3646600E+01  0.3802589E+00
  0.3652300E+01  0.3415138E+00
  0.3658000E+01  0.3067049E+00
  0.3663700E+01  0.2754336E+00
  0.3669400E+01  0.2473415E+00
  0.3675100E+01  0.2221063E+00
  0.3680800E+01  0.1994384E+00
  0.3686500E+01  0.1790775E+00
  0.3692200E+01  0.1607893E+00
  0.3697900E+01  0.1443637E+00
  0.3703600E+01  0.1296114E+00
  0.3709300E+01  0.1163624E+00
  0.3715000E+01  0.1044641E+00
  0.3720700E+01  0.9377901E-01
  0.3726400E+01  0.8418390E-01
  0.3732100E+01  0.7556786E-01
  0.3737800E+01  0.6783124E-01
  0.3743500E+01  0.6088453E-01
  0.3749200E+01  0.5464728E-01
  0.3754900E+01  0.4904722E-01
  0.3760600E+01  0.4401942E-01
  0.3766300E+01  0.3950554E-01
  0.3772000E+01  0.3545315E-01
  0.3777700E+01  0.3181519E-01
  0.3783400E+01  0.2854935E-01
  0.3789100E+01  0.2561763E-01
  0.3794800E+01  0.2298591E-01
  0.3800500E+01  0.2062352E-01
  0.3806200E+01  0.1850293E-01
  0.3811900E+01  0.1659940E-01
  0.3817600E+01  0.1489071E-01
  0.3823300E+01  0.1335692E-01
  0.3829000E+01  0.1198009E-01
  0.3834700E+01  0.1074412E-01
  0.3840400E+01  0.9634553E-02
  0.3846100E+01  0.8638399E-02
  0.3851800E+01  0.7743986E-02
  0.3857500E+01  0.6940830E-02
  0.3863200E+01  0.6219512E-02
  0.3868900E+01  0.5571566E-02
  0.3874600E+01  0.4989383E-02
  0.3880300E+01  0.4466123E-02
  0.3886000E+01  0.3995634E-02
  0.3891700E+01  0.3572381E-02
  0.3897400E+01  0.3191382E-02
  0.3903100E+01  0.2848151E-02
  0.3908800E+01  0.2538642E-02
  0.3914500E+01  0.2259207E-02
  0.3920200E+01  0.2006547E-02
  0.3925900E+01  0.1777682E-02
  0.3931600E+01  0.1569906E-02
  0.3937300E+01  0.1380765E-02
  0.3943000E+01  0.1208020E-02
  0.3948700E+01  0.1049628E-02
  0.3954400E+01  0.9037128E-03
  0.3960100E+01  0.7685447E-03
  0.3965800E+01  0.6425205E-03
  0.3971500E+01  0.5241445E-03
  0.3977200E+01  0.4120105E-03
  0.3982900E+01  0.3047853E-03
  0.3988600E+01  0.2011930E-03
  0.3994300E+01  0.1000000E-03
  0.4000000E+01  0.0000000E+00
