  0.1000000E-01 -0.0000000E+00
  0.1570000E-01 -0.9619103E-09
  0.2140000E-01 -0.2087575E-08
  0.2710000E-01 -0.3560315E-08
  0.3280000E-01 -0.5611064E-08
  0.3850000E-01 -0.8551228E-08
  0.4420000E-01 -0.1281465E-07
  0.4990000E-01 -0.1901372E-07
  0.5560000E-01 -0.2801582E-07
  0.6130000E-01 -0.4104830E-07
  0.6700000E-01 -0.5984263E-07
  0.7270000E-01 -0.8683171E-07
  0.7840000E-01 -0.1254192E-06
  0.8410000E-01 -0.1803453E-06
  0.8980000E-01 -0.2581811E-06
  0.9550000E-01 -0.3679932E-06
  0.1012000E+00 -0.5222344E-06
  0.1069000E+00 -0.7379284E-06
  0.1126000E+00 -0.1038241E-05
  0.1183000E+00 -0.1454549E-05
  0.1240000E+00 -0.2029161E-05
  0.1297000E+00 -0.2818861E-05
  0.1354000E+00 -0.3899515E-05
  0.1411000E+00 -0.5372024E-05
  0.1468000E+00 -0.7369982E-05
  0.1525000E+00 -0.1006946E-04
  0.1582000E+00 -0.1370150E-04
  0.1639000E+00 -0.1856785E-04
  0.1696000E+00 -0.2506092E-04
  0.1753000E+00 -0.3368870E-04
  0.1810000E+00 -0.4510585E-04
  0.1867000E+00 -0.6015234E-04
  0.1924000E+00 -0.7990104E-04
  0.1981000E+00 -0.1057163E-03
  0.2038000E+00 -0.1393254E-03
  0.2095000E+00 -0.1829051E-03
  0.2152000E+00 -0.2391872E-03
  0.2209000E+00 -0.3115839E-03
  0.2266000E+00 -0.4043387E-03
  0.2323000E+00 -0.5227057E-03
  0.2380000E+00 -0.6731607E-03
  0.2437000E+00 -0.8636500E-03
  0.2494000E+00 -0.1103880E-02
  0.2551000E+00 -0.1405656E-02
  0.2608000E+00 -0.1783266E-02
  0.2665000E+00 -0.2253930E-02
  0.2722000E+00 -0.2838303E-02
  0.2779000E+00 -0.3561050E-02
  0.2836000E+00 -0.4451483E-02
  0.2893000E+00 -0.5544278E-02
  0.2950000E+00 -0.6880262E-02
  0.3007000E+00 -0.8507275E-02
  0.3064000E+00 -0.1048111E-01
  0.3121000E+00 -0.1286650E-01
  0.3178000E+00 -0.1573820E-01
  0.3235000E+00 -0.1918211E-01
  0.3292000E+00 -0.2329638E-01
  0.3349000E+00 -0.2819266E-01
  0.3406000E+00 -0.3399716E-01
  0.3463000E+00 -0.4085191E-01
  0.3520000E+00 -0.4891570E-01
  0.3577000E+00 -0.5836513E-01
  0.3634000E+00 -0.6939539E-01
  0.3691000E+00 -0.8222087E-01
  0.3748000E+00 -0.9707551E-01
  0.3805000E+00 -0.1142129E+00
  0.3862000E+00 -0.1339058E+00
  0.3919000E+00 -0.1564455E+00
  0.3976000E+00 -0.1821404E+00
  0.4033000E+00 -0.2113144E+00
  0.4090000E+00 -0.2443039E+00
  0.4147000E+00 -0.2814550E+00
  0.4204000E+00 -0.3231190E+00
  0.4261000E+00 -0.3696484E+00
  0.4318000E+00 -0.4213901E+00
  0.4375000E+00 -0.4786798E+00
  0.4432000E+00 -0.5418342E+00
  0.4489000E+00 -0.6111428E+00
  0.4546000E+00 -0.6868588E+00
  0.4603000E+00 -0.7691892E+00
  0.4660000E+00 -0.8582848E+00
  0.4717000E+00 -0.9542290E+00
  0.4774000E+00 -0.1057027E+01
  0.4831000E+00 -0.1166592E+01
  0.4888000E+00 -0.1282740E+01
  0.4945000E+00 -0.1405171E+01
  0.5002000E+00 -0.1533464E+01
  0.5059000E+00 -0.1667068E+01
  0.5116000E+00 -0.1805291E+01
  0.5173000E+00 -0.1947294E+01
  0.5230000E+00 -0.2092090E+01
  0.5287000E+00 -0.2238538E+01
  0.5344000E+00 -0.2385345E+01
  0.5401000E+00 -0.2531072E+01
  0.5458000E+00 -0.2674136E+01
  0.5515000E+00 -0.2812825E+01
  0.5572000E+00 -0.2945308E+01
  0.5629000E+00 -0.3069656E+01
  0.5686000E+00 -0.3183863E+01
  0.5743000E+00 -0.3285868E+01
  0.5800000E+00 -0.3373587E+01
  0.5857000E+00 -0.3444947E+01
  0.5914000E+00 -0.3497914E+01
  0.5971000E+00 -0.3530540E+01
  0.6028000E+00 -0.3540995E+01
  0.6085000E+00 -0.3527611E+01
  0.6142000E+00 -0.3489142E+01
  0.6199000E+00 -0.3424151E+01
  0.6256000E+00 -0.3331705E+01
  0.6313000E+00 -0.3211191E+01
  0.6370000E+00 -0.3062358E+01
  0.6427000E+00 -0.2885339E+01
  0.6484000E+00 -0.2680687E+01
  0.6541000E+00 -0.2449388E+01
  0.6598000E+00 -0.2192876E+01
  0.6655000E+00 -0.1913040E+01
  0.6712000E+00 -0.1612217E+01
  0.6769000E+00 -0.1293187E+01
  0.6826000E+00 -0.9591457E+00
  0.6883000E+00 -0.6136781E+00
  0.6940000E+00 -0.2607183E+00
  0.6997000E+00  0.9549942E-01
  0.7054000E+00  0.4504972E+00
  0.7111000E+00  0.7996187E+00
  0.7168000E+00  0.1138101E+01
  0.7225000E+00  0.1461152E+01
  0.7282000E+00  0.1764033E+01
  0.7339000E+00  0.2042145E+01
  0.7396000E+00  0.2291113E+01
  0.7453000E+00  0.2506877E+01
  0.7510000E+00  0.2685771E+01
  0.7567000E+00  0.2824608E+01
  0.7624000E+00  0.2920751E+01
  0.7681000E+00  0.2972183E+01
  0.7738000E+00  0.2977564E+01
  0.7795000E+00  0.2936274E+01
  0.7852000E+00  0.2848453E+01
  0.7909000E+00  0.2715018E+01
  0.7966000E+00  0.2537672E+01
  0.8023000E+00  0.2318890E+01
  0.8080000E+00  0.2061903E+01
  0.8137000E+00  0.1770651E+01
  0.8194000E+00  0.1449733E+01
  0.8251000E+00  0.1104337E+01
  0.8308000E+00  0.7401567E+00
  0.8365000E+00  0.3632976E+00
  0.8422000E+00 -0.1982595E-01
  0.8479000E+00 -0.4026055E+00
  0.8536000E+00 -0.7783571E+00
  0.8593000E+00 -0.1140444E+01
  0.8650000E+00 -0.1482404E+01
  0.8707000E+00 -0.1798068E+01
  0.8764000E+00 -0.2081687E+01
  0.8821000E+00 -0.2328038E+01
  0.8878000E+00 -0.2532537E+01
  0.8935000E+00 -0.2691327E+01
  0.8992000E+00 -0.2801363E+01
  0.9049000E+00 -0.2860478E+01
  0.9106000E+00 -0.2867431E+01
  0.9163000E+00 -0.2821939E+01
  0.9220000E+00 -0.2724692E+01
  0.9277000E+00 -0.2577349E+01
  0.9334000E+00 -0.2382508E+01
  0.9391000E+00 -0.2143667E+01
  0.9448000E+00 -0.1865162E+01
  0.9505000E+00 -0.1552086E+01
  0.9562000E+00 -0.1210199E+01
  0.9619000E+00 -0.8458175E+00
  0.9676000E+00 -0.4656954E+00
  0.9733000E+00 -0.7689832E-01
  0.9790000E+00  0.3133323E+00
  0.9847000E+00  0.6977177E+00
  0.9904000E+00  0.1069081E+01
  0.9961000E+00  0.1420483E+01
  0.1001800E+01  0.1745360E+01
  0.1007500E+01  0.2037643E+01
  0.1013200E+01  0.2291880E+01
  0.1018900E+01  0.2503333E+01
  0.1024600E+01  0.2668074E+01
  0.1030300E+01  0.2783057E+01
  0.1036000E+01  0.2846172E+01
  0.1041700E+01  0.2856285E+01
  0.1047400E+01  0.2813258E+01
  0.1053100E+01  0.2717945E+01
  0.1058800E+01  0.2572178E+01
  0.1064500E+01  0.2378726E+01
  0.1070200E+01  0.2141236E+01
  0.1075900E+01  0.1864166E+01
  0.1081600E+01  0.1552694E+01
  0.1087300E+01  0.1212619E+01
  0.1093000E+01  0.8502464E+00
  0.1098700E+01  0.4722705E+00
  0.1104400E+01  0.8564574E-01
  0.1110100E+01 -0.3025441E+00
  0.1115800E+01 -0.6852179E+00
  0.1121500E+01 -0.1055428E+01
  0.1127200E+01 -0.1406489E+01
  0.1132900E+01 -0.1732095E+01
  0.1138600E+01 -0.2026438E+01
  0.1144300E+01 -0.2284304E+01
  0.1150000E+01 -0.2501170E+01
  0.1155700E+01 -0.2673273E+01
  0.1161400E+01 -0.2797677E+01
  0.1167100E+01 -0.2872317E+01
  0.1172800E+01 -0.2896028E+01
  0.1178500E+01 -0.2868557E+01
  0.1184200E+01 -0.2790559E+01
  0.1189900E+01 -0.2663575E+01
  0.1195600E+01 -0.2489998E+01
  0.1201300E+01 -0.2273021E+01
  0.1207000E+01 -0.2016569E+01
  0.1212700E+01 -0.1725228E+01
  0.1218400E+01 -0.1404150E+01
  0.1224100E+01 -0.1058965E+01
  0.1229800E+01 -0.6956692E+00
  0.1235500E+01 -0.3205245E+00
  0.1241200E+01  0.6005721E-01
  0.1246900E+01  0.4396244E+00
  0.1252600E+01  0.8117965E+00
  0.1258300E+01  0.1170371E+01
  0.1264000E+01  0.1509428E+01
  0.1269700E+01  0.1823425E+01
  0.1275400E+01  0.2107282E+01
  0.1281100E+01  0.2356467E+01
  0.1286800E+01  0.2567059E+01
  0.1292500E+01  0.2735805E+01
  0.1298200E+01  0.2860164E+01
  0.1303900E+01  0.2938341E+01
  0.1309600E+01  0.2969305E+01
  0.1315300E+01  0.2952790E+01
  0.1321000E+01  0.2889296E+01
  0.1326700E+01  0.2780064E+01
  0.1332400E+01  0.2627046E+01
  0.1338100E+01  0.2432865E+01
  0.1343800E+01  0.2200760E+01
  0.1349500E+01  0.1934530E+01
  0.1355200E+01  0.1638462E+01
  0.1360900E+01  0.1317257E+01
  0.1366600E+01  0.9759532E+00
  0.1372300E+01  0.6198385E+00
  0.1378000E+01  0.2543693E+00
  0.1383700E+01 -0.1149175E+00
  0.1389400E+01 -0.4824892E+00
  0.1395100E+01 -0.8429011E+00
  0.1400800E+01 -0.1190876E+01
  0.1406500E+01 -0.1521382E+01
  0.1412200E+01 -0.1829698E+01
  0.1417900E+01 -0.2111486E+01
  0.1423600E+01 -0.2362839E+01
  0.1429300E+01 -0.2580338E+01
  0.1435000E+01 -0.2761088E+01
  0.1440700E+01 -0.2902752E+01
  0.1446400E+01 -0.3003576E+01
  0.1452100E+01 -0.3062401E+01
  0.1457800E+01 -0.3078667E+01
  0.1463500E+01 -0.3052417E+01
  0.1469200E+01 -0.2984276E+01
  0.1474900E+01 -0.2875439E+01
  0.1480600E+01 -0.2727639E+01
  0.1486300E+01 -0.2543116E+01
  0.1492000E+01 -0.2324576E+01
  0.1497700E+01 -0.2075142E+01
  0.1503400E+01 -0.1798311E+01
  0.1509100E+01 -0.1497894E+01
  0.1514800E+01 -0.1177960E+01
  0.1520500E+01 -0.8427815E+00
  0.1526200E+01 -0.4967685E+00
  0.1531900E+01 -0.1444124E+00
  0.1537600E+01  0.2097750E+00
  0.1543300E+01  0.5613203E+00
  0.1549000E+01  0.9058443E+00
  0.1554700E+01  0.1239116E+01
  0.1560400E+01  0.1557102E+01
  0.1566100E+01  0.1856015E+01
  0.1571800E+01  0.2132353E+01
  0.1577500E+01  0.2382938E+01
  0.1583200E+01  0.2604950E+01
  0.1588900E+01  0.2795950E+01
  0.1594600E+01  0.2953902E+01
  0.1600300E+01  0.3077195E+01
  0.1606000E+01  0.3164643E+01
  0.1611700E+01  0.3215497E+01
  0.1617400E+01  0.3229444E+01
  0.1623100E+01  0.3206597E+01
  0.1628800E+01  0.3147489E+01
  0.1634500E+01  0.3053054E+01
  0.1640200E+01  0.2924610E+01
  0.1645900E+01  0.2763833E+01
  0.1651600E+01  0.2572733E+01
  0.1657300E+01  0.2353623E+01
  0.1663000E+01  0.2109084E+01
  0.1668700E+01  0.1841934E+01
  0.1674400E+01  0.1555190E+01
  0.1680100E+01  0.1252032E+01
  0.1685800E+01  0.9357620E+00
  0.1691500E+01  0.6097700E+00
  0.1697200E+01  0.2774928E+00
  0.1702900E+01 -0.5762196E-01
  0.1708600E+01 -0.3921522E+00
  0.1714300E+01 -0.7227364E+00
  0.1720000E+01 -0.1046107E+01
  0.1725700E+01 -0.1359120E+01
  0.1731400E+01 -0.1658786E+01
  0.1737100E+01 -0.1942297E+01
  0.1742800E+01 -0.2207045E+01
  0.1748500E+01 -0.2450650E+01
  0.1754200E+01 -0.2670973E+01
  0.1759900E+01 -0.2866132E+01
  0.1765600E+01 -0.3034515E+01
  0.1771300E+01 -0.3174787E+01
  0.1777000E+01 -0.3285898E+01
  0.1782700E+01 -0.3367082E+01
  0.1788400E+01 -0.3417863E+01
  0.1794100E+01 -0.3438046E+01
  0.1799800E+01 -0.3427717E+01
  0.1805500E+01 -0.3387229E+01
  0.1811200E+01 -0.3317198E+01
  0.1816900E+01 -0.3218487E+01
  0.1822600E+01 -0.3092195E+01
  0.1828300E+01 -0.2939637E+01
  0.1834000E+01 -0.2762330E+01
  0.1839700E+01 -0.2561974E+01
  0.1845400E+01 -0.2340431E+01
  0.1851100E+01 -0.2099708E+01
  0.1856800E+01 -0.1841932E+01
  0.1862500E+01 -0.1569332E+01
  0.1868200E+01 -0.1284218E+01
  0.1873900E+01 -0.9889567E+00
  0.1879600E+01 -0.6859527E+00
  0.1885300E+01 -0.3776280E+00
  0.1891000E+01 -0.6640136E-01
  0.1896700E+01  0.2453308E+00
  0.1902400E+01  0.5552127E+00
  0.1908100E+01  0.8609467E+00
  0.1913800E+01  0.1160309E+01
  0.1919500E+01  0.1451167E+01
  0.1925200E+01  0.1731489E+01
  0.1930900E+01  0.1999360E+01
  0.1936600E+01  0.2252993E+01
  0.1942300E+01  0.2490737E+01
  0.1948000E+01  0.2711086E+01
  0.1953700E+01  0.2912686E+01
  0.1959400E+01  0.3094340E+01
  0.1965100E+01  0.3255013E+01
  0.1970800E+01  0.3393835E+01
  0.1976500E+01  0.3510101E+01
  0.1982200E+01  0.3603271E+01
  0.1987900E+01  0.3672970E+01
  0.1993600E+01  0.3718986E+01
  0.1999300E+01  0.3741266E+01
  0.2005000E+01  0.3739911E+01
  0.2010700E+01  0.3715173E+01
  0.2016400E+01  0.3667444E+01
  0.2022100E+01  0.3597256E+01
  0.2027800E+01  0.3505267E+01
  0.2033500E+01  0.3392257E+01
  0.2039200E+01  0.3259118E+01
  0.2044900E+01  0.3106844E+01
  0.2050600E+01  0.2936523E+01
  0.2056300E+01  0.2749326E+01
  0.2062000E+01  0.2546499E+01
  0.2067700E+01  0.2329351E+01
  0.2073400E+01  0.2099245E+01
  0.2079100E+01  0.1857588E+01
  0.2084800E+01  0.1605823E+01
  0.2090500E+01  0.1345415E+01
  0.2096200E+01  0.1077847E+01
  0.2101900E+01  0.8046054E+00
  0.2107600E+01  0.5271769E+00
  0.2113300E+01  0.2470358E+00
  0.2119000E+01 -0.3436198E-01
  0.2124700E+01 -0.3155870E+00
  0.2130400E+01 -0.5952429E+00
  0.2136100E+01 -0.8719736E+00
  0.2141800E+01 -0.1144469E+01
  0.2147500E+01 -0.1411469E+01
  0.2153200E+01 -0.1671773E+01
  0.2158900E+01 -0.1924238E+01
  0.2164600E+01 -0.2167788E+01
  0.2170300E+01 -0.2401414E+01
  0.2176000E+01 -0.2624178E+01
  0.2181700E+01 -0.2835217E+01
  0.2187400E+01 -0.3033741E+01
  0.2193100E+01 -0.3219037E+01
  0.2198800E+01 -0.3390471E+01
  0.2204500E+01 -0.3547484E+01
  0.2210200E+01 -0.3689598E+01
  0.2215900E+01 -0.3816408E+01
  0.2221600E+01 -0.3927589E+01
  0.2227300E+01 -0.4022890E+01
  0.2233000E+01 -0.4102134E+01
  0.2238700E+01 -0.4165214E+01
  0.2244400E+01 -0.4212096E+01
  0.2250100E+01 -0.4242810E+01
  0.2255800E+01 -0.4257453E+01
  0.2261500E+01 -0.4256181E+01
  0.2267200E+01 -0.4239213E+01
  0.2272900E+01 -0.4206821E+01
  0.2278600E+01 -0.4159328E+01
  0.2284300E+01 -0.4097109E+01
  0.2290000E+01 -0.4020584E+01
  0.2295700E+01 -0.3930212E+01
  0.2301400E+01 -0.3826495E+01
  0.2307100E+01 -0.3709965E+01
  0.2312800E+01 -0.3581191E+01
  0.2318500E+01 -0.3440763E+01
  0.2324200E+01 -0.3289301E+01
  0.2329900E+01 -0.3127443E+01
  0.2335600E+01 -0.2955845E+01
  0.2341300E+01 -0.2775176E+01
  0.2347000E+01 -0.2586118E+01
  0.2352700E+01 -0.2389359E+01
  0.2358400E+01 -0.2185592E+01
  0.2364100E+01 -0.1975512E+01
  0.2369800E+01 -0.1759815E+01
  0.2375500E+01 -0.1539190E+01
  0.2381200E+01 -0.1314324E+01
  0.2386900E+01 -0.1085892E+01
  0.2392600E+01 -0.8545620E+00
  0.2398300E+01 -0.6209875E+00
  0.2404000E+01 -0.3858087E+00
  0.2409700E+01 -0.1496495E+00
  0.2415400E+01  0.8688376E-01
  0.2421100E+01  0.3232035E+00
  0.2426800E+01  0.5587425E+00
  0.2432500E+01  0.7929546E+00
  0.2438200E+01  0.1025316E+01
  0.2443900E+01  0.1255327E+01
  0.2449600E+01  0.1482511E+01
  0.2455300E+01  0.1706414E+01
  0.2461000E+01  0.1926611E+01
  0.2466700E+01  0.2142699E+01
  0.2472400E+01  0.2354302E+01
  0.2478100E+01  0.2561068E+01
  0.2483800E+01  0.2762673E+01
  0.2489500E+01  0.2958817E+01
  0.2495200E+01  0.3149225E+01
  0.2500900E+01  0.3333649E+01
  0.2506600E+01  0.3511863E+01
  0.2512300E+01  0.3683667E+01
  0.2518000E+01  0.3848886E+01
  0.2523700E+01  0.4007367E+01
  0.2529400E+01  0.4158979E+01
  0.2535100E+01  0.4303615E+01
  0.2540800E+01  0.4441188E+01
  0.2546500E+01  0.4571632E+01
  0.2552200E+01  0.4694902E+01
  0.2557900E+01  0.4810971E+01
  0.2563600E+01  0.4919831E+01
  0.2569300E+01  0.5021491E+01
  0.2575000E+01  0.5115977E+01
  0.2580700E+01  0.5203331E+01
  0.2586400E+01  0.5283610E+01
  0.2592100E+01  0.5356884E+01
  0.2597800E+01  0.5423239E+01
  0.2603500E+01  0.5482770E+01
  0.2609200E+01  0.5535587E+01
  0.2614900E+01  0.5581806E+01
  0.2620600E+01  0.5621559E+01
  0.2626300E+01  0.5654981E+01
  0.2632000E+01  0.5682219E+01
  0.2637700E+01  0.5703427E+01
  0.2643400E+01  0.5718764E+01
  0.2649100E+01  0.5728397E+01
  0.2654800E+01  0.5732497E+01
  0.2660500E+01  0.5731239E+01
  0.2666200E+01  0.5724803E+01
  0.2671900E+01  0.5713372E+01
  0.2677600E+01  0.5697131E+01
  0.2683300E+01  0.5676267E+01
  0.2689000E+01  0.5650970E+01
  0.2694700E+01  0.5621428E+01
  0.2700400E+01  0.5587831E+01
  0.2706100E+01  0.5550369E+01
  0.2711800E+01  0.5509232E+01
  0.2717500E+01  0.5464607E+01
  0.2723200E+01  0.5416681E+01
  0.2728900E+01  0.5365639E+01
  0.2734600E+01  0.5311664E+01
  0.2740300E+01  0.5254935E+01
  0.2746000E+01  0.5195631E+01
  0.2751700E+01  0.5133926E+01
  0.2757400E+01  0.5069990E+01
  0.2763100E+01  0.5003992E+01
  0.2768800E+01  0.4936095E+01
  0.2774500E+01  0.4866459E+01
  0.2780200E+01  0.4795241E+01
  0.2785900E+01  0.4722591E+01
  0.2791600E+01  0.4648657E+01
  0.2797300E+01  0.4573582E+01
  0.2803000E+01  0.4497504E+01
  0.2808700E+01  0.4420557E+01
  0.2814400E+01  0.4342870E+01
  0.2820100E+01  0.4264567E+01
  0.2825800E+01  0.4185769E+01
  0.2831500E+01  0.4106590E+01
  0.2837200E+01  0.4027140E+01
  0.2842900E+01  0.3947526E+01
  0.2848600E+01  0.3867847E+01
  0.2854300E+01  0.3788201E+01
  0.2860000E+01  0.3708679E+01
  0.2865700E+01  0.3629368E+01
  0.2871400E+01  0.3550351E+01
  0.2877100E+01  0.3471706E+01
  0.2882800E+01  0.3393507E+01
  0.2888500E+01  0.3315825E+01
  0.2894200E+01  0.3238723E+01
  0.2899900E+01  0.3162265E+01
  0.2905600E+01  0.3086507E+01
  0.2911300E+01  0.3011503E+01
  0.2917000E+01  0.2937304E+01
  0.2922700E+01  0.2863954E+01
  0.2928400E+01  0.2791498E+01
  0.2934100E+01  0.2719975E+01
  0.2939800E+01  0.2649420E+01
  0.2945500E+01  0.2579866E+01
  0.2951200E+01  0.2511342E+01
  0.2956900E+01  0.2443877E+01
  0.2962600E+01  0.2377492E+01
  0.2968300E+01  0.2312211E+01
  0.2974000E+01  0.2248049E+01
  0.2979700E+01  0.2185025E+01
  0.2985400E+01  0.2123151E+01
  0.2991100E+01  0.2062438E+01
  0.2996800E+01  0.2002895E+01
  0.3002500E+01  0.1944529E+01
  0.3008200E+01  0.1887345E+01
  0.3013900E+01  0.1831347E+01
  0.3019600E+01  0.1776534E+01
  0.3025300E+01  0.1722907E+01
  0.3031000E+01  0.1670463E+01
  0.3036700E+01  0.1619200E+01
  0.3042400E+01  0.1569111E+01
  0.3048100E+01  0.1520191E+01
  0.3053800E+01  0.1472432E+01
  0.3059500E+01  0.1425825E+01
  0.3065200E+01  0.1380360E+01
  0.3070900E+01  0.1336027E+01
  0.3076600E+01  0.1292814E+01
  0.3082300E+01  0.1250709E+01
  0.3088000E+01  0.1209697E+01
  0.3093700E+01  0.1169765E+01
  0.3099400E+01  0.1130898E+01
  0.3105100E+01  0.1093081E+01
  0.3110800E+01  0.1056298E+01
  0.3116500E+01  0.1020532E+01
  0.3122200E+01  0.9857676E+00
  0.3127900E+01  0.9519867E+00
  0.3133600E+01  0.9191721E+00
  0.3139300E+01  0.8873060E+00
  0.3145000E+01  0.8563707E+00
  0.3150700E+01  0.8263478E+00
  0.3156400E+01  0.7972192E+00
  0.3162100E+01  0.7689664E+00
  0.3167800E+01  0.7415710E+00
  0.3173500E+01  0.7150144E+00
  0.3179200E+01  0.6892781E+00
  0.3184900E+01  0.6643435E+00
  0.3190600E+01  0.6401923E+00
  0.3196300E+01  0.6168061E+00
  0.3202000E+01  0.5941664E+00
  0.3207700E+01  0.5722551E+00
  0.3213400E+01  0.5510542E+00
  0.3219100E+01  0.5305458E+00
  0.3224800E+01  0.5107120E+00
  0.3230500E+01  0.4915354E+00
  0.3236200E+01  0.4729987E+00
  0.3241900E+01  0.4550847E+00
  0.3247600E+01  0.4377765E+00
  0.3253300E+01  0.4210574E+00
  0.3259000E+01  0.4049111E+00
  0.3264700E+01  0.3893214E+00
  0.3270400E+01  0.3742725E+00
  0.3276100E+01  0.3597487E+00
  0.3281800E+01  0.3457347E+00
  0.3287500E+01  0.3322155E+00
  0.3293200E+01  0.3191762E+00
  0.3298900E+01  0.3066026E+00
  0.3304600E+01  0.2944803E+00
  0.3310300E+01  0.2827956E+00
  0.3316000E+01  0.2715348E+00
  0.3321700E+01  0.2606848E+00
  0.3327400E+01  0.2502325E+00
  0.3333100E+01  0.2401652E+00
  0.3338800E+01  0.2304707E+00
  0.3344500E+01  0.2211368E+00
  0.3350200E+01  0.2121518E+00
  0.3355900E+01  0.2035042E+00
  0.3361600E+01  0.1951828E+00
  0.3367300E+01  0.1871767E+00
  0.3373000E+01  0.1794753E+00
  0.3378700E+01  0.1720683E+00
  0.3384400E+01  0.1649457E+00
  0.3390100E+01  0.1580976E+00
  0.3395800E+01  0.1515146E+00
  0.3401500E+01  0.1451875E+00
  0.3407200E+01  0.1391073E+00
  0.3412900E+01  0.1332654E+00
  0.3418600E+01  0.1276531E+00
  0.3424300E+01  0.1222625E+00
  0.3430000E+01  0.1170855E+00
  0.3435700E+01  0.1121143E+00
  0.3441400E+01  0.1073417E+00
  0.3447100E+01  0.1027602E+00
  0.3452800E+01  0.9836293E-01
  0.3458500E+01  0.9414305E-01
  0.3464200E+01  0.9009400E-01
  0.3469900E+01  0.8620942E-01
  0.3475600E+01  0.8248314E-01
  0.3481300E+01  0.7890921E-01
  0.3487000E+01  0.7548188E-01
  0.3492700E+01  0.7219556E-01
  0.3498400E+01  0.6904489E-01
  0.3504100E+01  0.6602467E-01
  0.3509800E+01  0.6312986E-01
  0.3515500E+01  0.6035563E-01
  0.3521200E+01  0.5769728E-01
  0.3526900E+01  0.5515029E-01
  0.3532600E+01  0.5271031E-01
  0.3538300E+01  0.5037313E-01
  0.3544000E+01  0.4813468E-01
  0.3549700E+01  0.4599104E-01
  0.3555400E+01  0.4393845E-01
  0.3561100E+01  0.4197327E-01
  0.3566800E+01  0.4009198E-01
  0.3572500E+01  0.3829121E-01
  0.3578200E+01  0.3656770E-01
  0.3583900E+01  0.3491832E-01
  0.3589600E+01  0.3334005E-01
  0.3595300E+01  0.3182998E-01
  0.3601000E+01  0.3038532E-01
  0.3606700E+01  0.2900337E-01
  0.3612400E+01  0.2768154E-01
  0.3618100E+01  0.2641733E-01
  0.3623800E+01  0.2520836E-01
  0.3629500E+01  0.2405231E-01
  0.3635200E+01  0.2294697E-01
  0.3640900E+01  0.2189021E-01
  0.3646600E+01  0.2087997E-01
  0.3652300E+01  0.1991429E-01
  0.3658000E+01  0.1899128E-01
  0.3663700E+01  0.1810912E-01
  0.3669400E+01  0.1726606E-01
  0.3675100E+01  0.1646042E-01
  0.3680800E+01  0.1569060E-01
  0.3686500E+01  0.1495505E-01
  0.3692200E+01  0.1425227E-01
  0.3697900E+01  0.1358085E-01
  0.3703600E+01  0.1293942E-01
  0.3709300E+01  0.1232666E-01
  0.3715000E+01  0.1174131E-01
  0.3720700E+01  0.1118216E-01
  0.3726400E+01  0.1064804E-01
  0.3732100E+01  0.1013786E-01
  0.3737800E+01  0.9650524E-02
  0.3743500E+01  0.9185021E-02
  0.3749200E+01  0.8740364E-02
  0.3754900E+01  0.8315607E-02
  0.3760600E+01  0.7909845E-02
  0.3766300E+01  0.7522209E-02
  0.3772000E+01  0.7151865E-02
  0.3777700E+01  0.6798014E-02
  0.3783400E+01  0.6459887E-02
  0.3789100E+01  0.6136749E-02
  0.3794800E+01  0.5827893E-02
  0.3800500E+01  0.5532641E-02
  0.3806200E+01  0.5250342E-02
  0.3811900E+01  0.4980370E-02
  0.3817600E+01  0.4722127E-02
  0.3823300E+01  0.4475035E-02
  0.3829000E+01  0.4238542E-02
  0.3834700E+01  0.4012116E-02
  0.3840400E+01  0.3795245E-02
  0.3846100E+01  0.3587437E-02
  0.3851800E+01  0.3388220E-02
  0.3857500E+01  0.3197139E-02
  0.3863200E+01  0.3013755E-02
  0.3868900E+01  0.2837645E-02
  0.3874600E+01  0.2668403E-02
  0.3880300E+01  0.2505636E-02
  0.3886000E+01  0.2348965E-02
  0.3891700E+01  0.2198022E-02
  0.3897400E+01  0.2052453E-02
  0.3903100E+01  0.1911914E-02
  0.3908800E+01  0.1776073E-02
  0.3914500E+01  0.1644607E-02
  0.3920200E+01  0.1517201E-02
  0.3925900E+01  0.1393549E-02
  0.3931600E+01  0.1273355E-02
  0.3937300E+01  0.1156327E-02
  0.3943000E+01  0.1042180E-02
  0.3948700E+01  0.9306364E-03
  0.3954400E+01  0.8214228E-03
  0.3960100E+01  0.7142702E-03
  0.3965800E+01  0.6089138E-03
  0.3971500E+01  0.5050919E-03
  0.3977200E+01  0.4025457E-03
  0.3982900E+01  0.3010185E-03
  0.3988600E+01  0.2002547E-03
  0.3994300E+01  0.1000000E-03
  0.4000000E+01  0.0000000E+00
