  0.1000000E-01  0.0000000E+00
  0.1570000E-01  0.3805117E+05
  0.2140000E-01  0.8308232E+05
  0.2710000E-01  0.1430229E+06
  0.3280000E-01  0.2280705E+06
  0.3850000E-01  0.3522797E+06
  0.4420000E-01  0.5356516E+06
  0.4990000E-01  0.8070022E+06
  0.5560000E-01  0.1207972E+07
  0.6130000E-01  0.1798665E+07
  0.6700000E-01  0.2665568E+07
  0.7270000E-01  0.3932669E+07
  0.7840000E-01  0.5776970E+07
  0.8410000E-01  0.8450089E+07
  0.8980000E-01  0.1230815E+08
  0.9550000E-01  0.1785305E+08
  0.1012000E+00  0.2578902E+08
  0.1069000E+00  0.3710000E+08
  0.1126000E+00  0.5315484E+08
  0.1183000E+00  0.7584985E+08
  0.1240000E+00  0.1078009E+09
  0.1297000E+00  0.1526013E+09
  0.1354000E+00  0.2151666E+09
  0.1411000E+00  0.3021933E+09
  0.1468000E+00  0.4227661E+09
  0.1525000E+00  0.5891600E+09
  0.1582000E+00  0.8178924E+09
  0.1639000E+00  0.1131100E+10
  0.1696000E+00  0.1558329E+10
  0.1753000E+00  0.2138864E+10
  0.1810000E+00  0.2924721E+10
  0.1867000E+00  0.3984506E+10
  0.1924000E+00  0.5408351E+10
  0.1981000E+00  0.7314206E+10
  0.2038000E+00  0.9855818E+10
  0.2095000E+00  0.1323282E+11
  0.2152000E+00  0.1770345E+11
  0.2209000E+00  0.2360044E+11
  0.2266000E+00  0.3135088E+11
  0.2323000E+00  0.4150093E+11
  0.2380000E+00  0.5474636E+11
  0.2437000E+00  0.7197016E+11
  0.2494000E+00  0.9428883E+11
  0.2551000E+00  0.1231088E+12
  0.2608000E+00  0.1601951E+12
  0.2665000E+00  0.2077547E+12
  0.2722000E+00  0.2685373E+12
  0.2779000E+00  0.3459555E+12
  0.2836000E+00  0.4442301E+12
  0.2893000E+00  0.5685618E+12
  0.2950000E+00  0.7253357E+12
  0.3007000E+00  0.9223631E+12
  0.3064000E+00  0.1169165E+13
  0.3121000E+00  0.1477307E+13
  0.3178000E+00  0.1860782E+13
  0.3235000E+00  0.2336468E+13
  0.3292000E+00  0.2924642E+13
  0.3349000E+00  0.3649586E+13
  0.3406000E+00  0.4540267E+13
  0.3463000E+00  0.5631124E+13
  0.3520000E+00  0.6962954E+13
  0.3577000E+00  0.8583916E+13
  0.3634000E+00  0.1055066E+14
  0.3691000E+00  0.1292958E+14
  0.3748000E+00  0.1579823E+14
  0.3805000E+00  0.1924686E+14
  0.3862000E+00  0.2338016E+14
  0.3919000E+00  0.2831906E+14
  0.3976000E+00  0.3420284E+14
  0.4033000E+00  0.4119131E+14
  0.4090000E+00  0.4946714E+14
  0.4147000E+00  0.5923844E+14
  0.4204000E+00  0.7074138E+14
  0.4261000E+00  0.8424308E+14
  0.4318000E+00  0.1000445E+15
  0.4375000E+00  0.1184833E+15
  0.4432000E+00  0.1399375E+15
  0.4489000E+00  0.1648278E+15
  0.4546000E+00  0.1936215E+15
  0.4603000E+00  0.2268351E+15
  0.4660000E+00  0.2650373E+15
  0.4717000E+00  0.3088520E+15
  0.4774000E+00  0.3589610E+15
  0.4831000E+00  0.4161057E+15
  0.4888000E+00  0.4810894E+15
  0.4945000E+00  0.5547787E+15
  0.5002000E+00  0.6381043E+15
  0.5059000E+00  0.7320608E+15
  0.5116000E+00  0.8377066E+15
  0.5173000E+00  0.9561621E+15
  0.5230000E+00  0.1088607E+16
  0.5287000E+00  0.1236279E+16
  0.5344000E+00  0.1400465E+16
  0.5401000E+00  0.1582498E+16
  0.5458000E+00  0.1783751E+16
  0.5515000E+00  0.2005626E+16
  0.5572000E+00  0.2249545E+16
  0.5629000E+00  0.2516938E+16
  0.5686000E+00  0.2809233E+16
  0.5743000E+00  0.3127835E+16
  0.5800000E+00  0.3474118E+16
  0.5857000E+00  0.3849401E+16
  0.5914000E+00  0.4254935E+16
  0.5971000E+00  0.4691878E+16
  0.6028000E+00  0.5161277E+16
  0.6085000E+00  0.5664044E+16
  0.6142000E+00  0.6200936E+16
  0.6199000E+00  0.6772531E+16
  0.6256000E+00  0.7379200E+16
  0.6313000E+00  0.8021089E+16
  0.6370000E+00  0.8698094E+16
  0.6427000E+00  0.9409836E+16
  0.6484000E+00  0.1015564E+17
  0.6541000E+00  0.1093452E+17
  0.6598000E+00  0.1174515E+17
  0.6655000E+00  0.1258586E+17
  0.6712000E+00  0.1345460E+17
  0.6769000E+00  0.1434895E+17
  0.6826000E+00  0.1526610E+17
  0.6883000E+00  0.1620286E+17
  0.6940000E+00  0.1715564E+17
  0.6997000E+00  0.1812045E+17
  0.7054000E+00  0.1909292E+17
  0.7111000E+00  0.2006831E+17
  0.7168000E+00  0.2104153E+17
  0.7225000E+00  0.2200714E+17
  0.7282000E+00  0.2295940E+17
  0.7339000E+00  0.2389228E+17
  0.7396000E+00  0.2479950E+17
  0.7453000E+00  0.2567460E+17
  0.7510000E+00  0.2651092E+17
  0.7567000E+00  0.2730171E+17
  0.7624000E+00  0.2804014E+17
  0.7681000E+00  0.2871938E+17
  0.7738000E+00  0.2933265E+17
  0.7795000E+00  0.2987327E+17
  0.7852000E+00  0.3033474E+17
  0.7909000E+00  0.3071077E+17
  0.7966000E+00  0.3099539E+17
  0.8023000E+00  0.3118298E+17
  0.8080000E+00  0.3126832E+17
  0.8137000E+00  0.3124671E+17
  0.8194000E+00  0.3111434E+17
  0.8251000E+00  0.3086723E+17
  0.8308000E+00  0.3050244E+17
  0.8365000E+00  0.3001771E+17
  0.8422000E+00  0.2941152E+17
  0.8479000E+00  0.2868312E+17
  0.8536000E+00  0.2783255E+17
  0.8593000E+00  0.2686069E+17
  0.8650000E+00  0.2576924E+17
  0.8707000E+00  0.2456078E+17
  0.8764000E+00  0.2323872E+17
  0.8821000E+00  0.2180731E+17
  0.8878000E+00  0.2027166E+17
  0.8935000E+00  0.1863766E+17
  0.8992000E+00  0.1691201E+17
  0.9049000E+00  0.1510213E+17
  0.9106000E+00  0.1321616E+17
  0.9163000E+00  0.1126289E+17
  0.9220000E+00  0.9251688E+16
  0.9277000E+00  0.7192483E+16
  0.9334000E+00  0.5095649E+16
  0.9391000E+00  0.2971957E+16
  0.9448000E+00  0.8324975E+15
  0.9505000E+00 -0.1311406E+16
  0.9562000E+00 -0.3448273E+16
  0.9619000E+00 -0.5566551E+16
  0.9676000E+00 -0.7654701E+16
  0.9733000E+00 -0.9701281E+16
  0.9790000E+00 -0.1169503E+17
  0.9847000E+00 -0.1362495E+17
  0.9904000E+00 -0.1548037E+17
  0.9961000E+00 -0.1725107E+17
  0.1001800E+01 -0.1892729E+17
  0.1007500E+01 -0.2049984E+17
  0.1013200E+01 -0.2196016E+17
  0.1018900E+01 -0.2330036E+17
  0.1024600E+01 -0.2451327E+17
  0.1030300E+01 -0.2559253E+17
  0.1036000E+01 -0.2653257E+17
  0.1041700E+01 -0.2732867E+17
  0.1047400E+01 -0.2797698E+17
  0.1053100E+01 -0.2847456E+17
  0.1058800E+01 -0.2881934E+17
  0.1064500E+01 -0.2901016E+17
  0.1070200E+01 -0.2904678E+17
  0.1075900E+01 -0.2892981E+17
  0.1081600E+01 -0.2866076E+17
  0.1087300E+01 -0.2824196E+17
  0.1093000E+01 -0.2767657E+17
  0.1098700E+01 -0.2696853E+17
  0.1104400E+01 -0.2612251E+17
  0.1110100E+01 -0.2514388E+17
  0.1115800E+01 -0.2403865E+17
  0.1121500E+01 -0.2281342E+17
  0.1127200E+01 -0.2147534E+17
  0.1132900E+01 -0.2003201E+17
  0.1138600E+01 -0.1849148E+17
  0.1144300E+01 -0.1686214E+17
  0.1150000E+01 -0.1515267E+17
  0.1155700E+01 -0.1337200E+17
  0.1161400E+01 -0.1152920E+17
  0.1167100E+01 -0.9633477E+16
  0.1172800E+01 -0.7694079E+16
  0.1178500E+01 -0.5720241E+16
  0.1184200E+01 -0.3721137E+16
  0.1189900E+01 -0.1705821E+16
  0.1195600E+01  0.3168223E+15
  0.1201300E+01  0.2338125E+16
  0.1207000E+01  0.4349679E+16
  0.1212700E+01  0.6343380E+16
  0.1218400E+01  0.8311462E+16
  0.1224100E+01  0.1024653E+17
  0.1229800E+01  0.1214159E+17
  0.1235500E+01  0.1399009E+17
  0.1241200E+01  0.1578589E+17
  0.1246900E+01  0.1752336E+17
  0.1252600E+01  0.1919731E+17
  0.1258300E+01  0.2080308E+17
  0.1264000E+01  0.2233645E+17
  0.1269700E+01  0.2379376E+17
  0.1275400E+01  0.2517180E+17
  0.1281100E+01  0.2646788E+17
  0.1286800E+01  0.2767977E+17
  0.1292500E+01  0.2880574E+17
  0.1298200E+01  0.2984452E+17
  0.1303900E+01  0.3079527E+17
  0.1309600E+01  0.3165761E+17
  0.1315300E+01  0.3243155E+17
  0.1321000E+01  0.3311750E+17
  0.1326700E+01  0.3371626E+17
  0.1332400E+01  0.3422894E+17
  0.1338100E+01  0.3465702E+17
  0.1343800E+01  0.3500224E+17
  0.1349500E+01  0.3526664E+17
  0.1355200E+01  0.3545251E+17
  0.1360900E+01  0.3556236E+17
  0.1366600E+01  0.3559890E+17
  0.1372300E+01  0.3556502E+17
  0.1378000E+01  0.3546375E+17
  0.1383700E+01  0.3529826E+17
  0.1389400E+01  0.3507183E+17
  0.1395100E+01  0.3478780E+17
  0.1400800E+01  0.3444959E+17
  0.1406500E+01  0.3406065E+17
  0.1412200E+01  0.3362445E+17
  0.1417900E+01  0.3314448E+17
  0.1423600E+01  0.3262419E+17
  0.1429300E+01  0.3206701E+17
  0.1435000E+01  0.3147633E+17
  0.1440700E+01  0.3085548E+17
  0.1446400E+01  0.3020771E+17
  0.1452100E+01  0.2953620E+17
  0.1457800E+01  0.2884402E+17
  0.1463500E+01  0.2813415E+17
  0.1469200E+01  0.2740948E+17
  0.1474900E+01  0.2667276E+17
  0.1480600E+01  0.2592662E+17
  0.1486300E+01  0.2517358E+17
  0.1492000E+01  0.2441603E+17
  0.1497700E+01  0.2365622E+17
  0.1503400E+01  0.2289628E+17
  0.1509100E+01  0.2213820E+17
  0.1514800E+01  0.2138385E+17
  0.1520500E+01  0.2063495E+17
  0.1526200E+01  0.1989310E+17
  0.1531900E+01  0.1915978E+17
  0.1537600E+01  0.1843634E+17
  0.1543300E+01  0.1772399E+17
  0.1549000E+01  0.1702385E+17
  0.1554700E+01  0.1633691E+17
  0.1560400E+01  0.1566404E+17
  0.1566100E+01  0.1500602E+17
  0.1571800E+01  0.1436352E+17
  0.1577500E+01  0.1373710E+17
  0.1583200E+01  0.1312726E+17
  0.1588900E+01  0.1253438E+17
  0.1594600E+01  0.1195876E+17
  0.1600300E+01  0.1140065E+17
  0.1606000E+01  0.1086019E+17
  0.1611700E+01  0.1033748E+17
  0.1617400E+01  0.9832545E+16
  0.1623100E+01  0.9345345E+16
  0.1628800E+01  0.8875796E+16
  0.1634500E+01  0.8423763E+16
  0.1640200E+01  0.7989063E+16
  0.1645900E+01  0.7571475E+16
  0.1651600E+01  0.7170741E+16
  0.1657300E+01  0.6786568E+16
  0.1663000E+01  0.6418636E+16
  0.1668700E+01  0.6066600E+16
  0.1674400E+01  0.5730093E+16
  0.1680100E+01  0.5408727E+16
  0.1685800E+01  0.5102100E+16
  0.1691500E+01  0.4809798E+16
  0.1697200E+01  0.4531394E+16
  0.1702900E+01  0.4266455E+16
  0.1708600E+01  0.4014543E+16
  0.1714300E+01  0.3775214E+16
  0.1720000E+01  0.3548026E+16
  0.1725700E+01  0.3332534E+16
  0.1731400E+01  0.3128296E+16
  0.1737100E+01  0.2934875E+16
  0.1742800E+01  0.2751836E+16
  0.1748500E+01  0.2578751E+16
  0.1754200E+01  0.2415199E+16
  0.1759900E+01  0.2260767E+16
  0.1765600E+01  0.2115049E+16
  0.1771300E+01  0.1977652E+16
  0.1777000E+01  0.1848188E+16
  0.1782700E+01  0.1726283E+16
  0.1788400E+01  0.1611573E+16
  0.1794100E+01  0.1503703E+16
  0.1799800E+01  0.1402333E+16
  0.1805500E+01  0.1307131E+16
  0.1811200E+01  0.1217779E+16
  0.1816900E+01  0.1133970E+16
  0.1822600E+01  0.1055408E+16
  0.1828300E+01  0.9818096E+15
  0.1834000E+01  0.9129025E+15
  0.1839700E+01  0.8484257E+15
  0.1845400E+01  0.7881297E+15
  0.1851100E+01  0.7317758E+15
  0.1856800E+01  0.6791362E+15
  0.1862500E+01  0.6299938E+15
  0.1868200E+01  0.5841417E+15
  0.1873900E+01  0.5413829E+15
  0.1879600E+01  0.5015304E+15
  0.1885300E+01  0.4644065E+15
  0.1891000E+01  0.4298426E+15
  0.1896700E+01  0.3976789E+15
  0.1902400E+01  0.3677643E+15
  0.1908100E+01  0.3399555E+15
  0.1913800E+01  0.3141175E+15
  0.1919500E+01  0.2901224E+15
  0.1925200E+01  0.2678498E+15
  0.1930900E+01  0.2471860E+15
  0.1936600E+01  0.2280241E+15
  0.1942300E+01  0.2102633E+15
  0.1948000E+01  0.1938090E+15
  0.1953700E+01  0.1785720E+15
  0.1959400E+01  0.1644689E+15
  0.1965100E+01  0.1514212E+15
  0.1970800E+01  0.1393552E+15
  0.1976500E+01  0.1282022E+15
  0.1982200E+01  0.1178976E+15
  0.1987900E+01  0.1083809E+15
  0.1993600E+01  0.9959567E+14
  0.1999300E+01  0.9148920E+14
  0.2005000E+01  0.8401216E+14
  0.2010700E+01  0.7711856E+14
  0.2016400E+01  0.7076548E+14
  0.2022100E+01  0.6491294E+14
  0.2027800E+01  0.5952367E+14
  0.2033500E+01  0.5456299E+14
  0.2039200E+01  0.4999862E+14
  0.2044900E+01  0.4580053E+14
  0.2050600E+01  0.4194084E+14
  0.2056300E+01  0.3839362E+14
  0.2062000E+01  0.3513482E+14
  0.2067700E+01  0.3214210E+14
  0.2073400E+01  0.2939477E+14
  0.2079100E+01  0.2687363E+14
  0.2084800E+01  0.2456091E+14
  0.2090500E+01  0.2244013E+14
  0.2096200E+01  0.2049607E+14
  0.2101900E+01  0.1871463E+14
  0.2107600E+01  0.1708277E+14
  0.2113300E+01  0.1558846E+14
  0.2119000E+01  0.1422058E+14
  0.2124700E+01  0.1296884E+14
  0.2130400E+01  0.1182378E+14
  0.2136100E+01  0.1077665E+14
  0.2141800E+01  0.9819402E+13
  0.2147500E+01  0.8944596E+13
  0.2153200E+01  0.8145395E+13
  0.2158900E+01  0.7415498E+13
  0.2164600E+01  0.6749108E+13
  0.2170300E+01  0.6140891E+13
  0.2176000E+01  0.5585942E+13
  0.2181700E+01  0.5079751E+13
  0.2187400E+01  0.4618176E+13
  0.2193100E+01  0.4197413E+13
  0.2198800E+01  0.3813967E+13
  0.2204500E+01  0.3464634E+13
  0.2210200E+01  0.3146472E+13
  0.2215900E+01  0.2856784E+13
  0.2221600E+01  0.2593099E+13
  0.2227300E+01  0.2353150E+13
  0.2233000E+01  0.2134865E+13
  0.2238700E+01  0.1936341E+13
  0.2244400E+01  0.1755842E+13
  0.2250100E+01  0.1591774E+13
  0.2255800E+01  0.1442685E+13
  0.2261500E+01  0.1307242E+13
  0.2267200E+01  0.1184230E+13
  0.2272900E+01  0.1072537E+13
  0.2278600E+01  0.9711498E+12
  0.2284300E+01  0.8791402E+12
  0.2290000E+01  0.7956629E+12
  0.2295700E+01  0.7199461E+12
  0.2301400E+01  0.6512857E+12
  0.2307100E+01  0.5890399E+12
  0.2312800E+01  0.5326236E+12
  0.2318500E+01  0.4815033E+12
  0.2324200E+01  0.4351933E+12
  0.2329900E+01  0.3932511E+12
  0.2335600E+01  0.3552741E+12
  0.2341300E+01  0.3208954E+12
  0.2347000E+01  0.2897816E+12
  0.2352700E+01  0.2616291E+12
  0.2358400E+01  0.2361621E+12
  0.2364100E+01  0.2131297E+12
  0.2369800E+01  0.1923039E+12
  0.2375500E+01  0.1734776E+12
  0.2381200E+01  0.1564626E+12
  0.2386900E+01  0.1410880E+12
  0.2392600E+01  0.1271988E+12
  0.2398300E+01  0.1146543E+12
  0.2404000E+01  0.1033266E+12
  0.2409700E+01  0.9309996E+11
  0.2415400E+01  0.8386931E+11
  0.2421100E+01  0.7553940E+11
  0.2426800E+01  0.6802391E+11
  0.2432500E+01  0.6124462E+11
  0.2438200E+01  0.5513067E+11
  0.2443900E+01  0.4961788E+11
  0.2449600E+01  0.4464815E+11
  0.2455300E+01  0.4016888E+11
  0.2461000E+01  0.3613246E+11
  0.2466700E+01  0.3249584E+11
  0.2472400E+01  0.2922004E+11
  0.2478100E+01  0.2626984E+11
  0.2483800E+01  0.2361339E+11
  0.2489500E+01  0.2122189E+11
  0.2495200E+01  0.1906932E+11
  0.2500900E+01  0.1713217E+11
  0.2506600E+01  0.1538921E+11
  0.2512300E+01  0.1382126E+11
  0.2518000E+01  0.1241100E+11
  0.2523700E+01  0.1114280E+11
  0.2529400E+01  0.1000256E+11
  0.2535100E+01  0.8977543E+10
  0.2540800E+01  0.8056272E+10
  0.2546500E+01  0.7228390E+10
  0.2552200E+01  0.6484559E+10
  0.2557900E+01  0.5816360E+10
  0.2563600E+01  0.5216205E+10
  0.2569300E+01  0.4677256E+10
  0.2575000E+01  0.4193351E+10
  0.2580700E+01  0.3758940E+10
  0.2586400E+01  0.3369026E+10
  0.2592100E+01  0.3019108E+10
  0.2597800E+01  0.2705134E+10
  0.2603500E+01  0.2423456E+10
  0.2609200E+01  0.2170792E+10
  0.2614900E+01  0.1944191E+10
  0.2620600E+01  0.1740994E+10
  0.2626300E+01  0.1558813E+10
  0.2632000E+01  0.1395500E+10
  0.2637700E+01  0.1249122E+10
  0.2643400E+01  0.1117944E+10
  0.2649100E+01  0.1000404E+10
  0.2654800E+01  0.8950999E+09
  0.2660500E+01  0.8007725E+09
  0.2666200E+01  0.7162895E+09
  0.2671900E+01  0.6406345E+09
  0.2677600E+01  0.5728947E+09
  0.2683300E+01  0.5122508E+09
  0.2689000E+01  0.4579669E+09
  0.2694700E+01  0.4093830E+09
  0.2700400E+01  0.3659064E+09
  0.2706100E+01  0.3270058E+09
  0.2711800E+01  0.2922041E+09
  0.2717500E+01  0.2610737E+09
  0.2723200E+01  0.2332311E+09
  0.2728900E+01  0.2083323E+09
  0.2734600E+01  0.1860690E+09
  0.2740300E+01  0.1661649E+09
  0.2746000E+01  0.1483722E+09
  0.2751700E+01  0.1324690E+09
  0.2757400E+01  0.1182565E+09
  0.2763100E+01  0.1055566E+09
  0.2768800E+01  0.9420964E+08
  0.2774500E+01  0.8407281E+08
  0.2780200E+01  0.7501817E+08
  0.2785900E+01  0.6693116E+08
  0.2791600E+01  0.5970925E+08
  0.2797300E+01  0.5326068E+08
  0.2803000E+01  0.4750333E+08
  0.2808700E+01  0.4236371E+08
  0.2814400E+01  0.3777608E+08
  0.2820100E+01  0.3368163E+08
  0.2825800E+01  0.3002777E+08
  0.2831500E+01  0.2676746E+08
  0.2837200E+01  0.2385864E+08
  0.2842900E+01  0.2126372E+08
  0.2848600E+01  0.1894907E+08
  0.2854300E+01  0.1688465E+08
  0.2860000E+01  0.1504362E+08
  0.2865700E+01  0.1340198E+08
  0.2871400E+01  0.1193829E+08
  0.2877100E+01  0.1063340E+08
  0.2882800E+01  0.9470210E+07
  0.2888500E+01  0.8433441E+07
  0.2894200E+01  0.7509448E+07
  0.2899900E+01  0.6686051E+07
  0.2905600E+01  0.5952371E+07
  0.2911300E+01  0.5298700E+07
  0.2917000E+01  0.4716373E+07
  0.2922700E+01  0.4197654E+07
  0.2928400E+01  0.3735641E+07
  0.2934100E+01  0.3324176E+07
  0.2939800E+01  0.2957764E+07
  0.2945500E+01  0.2631504E+07
  0.2951200E+01  0.2341024E+07
  0.2956900E+01  0.2082425E+07
  0.2962600E+01  0.1852229E+07
  0.2968300E+01  0.1647337E+07
  0.2974000E+01  0.1464983E+07
  0.2979700E+01  0.1302704E+07
  0.2985400E+01  0.1158302E+07
  0.2991100E+01  0.1029820E+07
  0.2996800E+01  0.9155135E+06
  0.3002500E+01  0.8138271E+06
  0.3008200E+01  0.7233755E+06
  0.3013900E+01  0.6429247E+06
  0.3019600E+01  0.5713751E+06
  0.3025300E+01  0.5077474E+06
  0.3031000E+01  0.4511693E+06
  0.3036700E+01  0.4008640E+06
  0.3042400E+01  0.3561399E+06
  0.3048100E+01  0.3163810E+06
  0.3053800E+01  0.2810392E+06
  0.3059500E+01  0.2496261E+06
  0.3065200E+01  0.2217075E+06
  0.3070900E+01  0.1968965E+06
  0.3076600E+01  0.1748491E+06
  0.3082300E+01  0.1552589E+06
  0.3088000E+01  0.1378535E+06
  0.3093700E+01  0.1223904E+06
  0.3099400E+01  0.1086540E+06
  0.3105100E+01  0.9645238E+05
  0.3110800E+01  0.8561489E+05
  0.3116500E+01  0.7598976E+05
  0.3122200E+01  0.6744200E+05
  0.3127900E+01  0.5985160E+05
  0.3133600E+01  0.5311181E+05
  0.3139300E+01  0.4712777E+05
  0.3145000E+01  0.4181511E+05
  0.3150700E+01  0.3709885E+05
  0.3156400E+01  0.3291234E+05
  0.3162100E+01  0.2919634E+05
  0.3167800E+01  0.2589819E+05
  0.3173500E+01  0.2297113E+05
  0.3179200E+01  0.2037357E+05
  0.3184900E+01  0.1806859E+05
  0.3190600E+01  0.1602337E+05
  0.3196300E+01  0.1420876E+05
  0.3202000E+01  0.1259886E+05
  0.3207700E+01  0.1117067E+05
  0.3213400E+01  0.9903774E+04
  0.3219100E+01  0.8780024E+04
  0.3224800E+01  0.7783312E+04
  0.3230500E+01  0.6899333E+04
  0.3236200E+01  0.6115387E+04
  0.3241900E+01  0.5420198E+04
  0.3247600E+01  0.4803755E+04
  0.3253300E+01  0.4257174E+04
  0.3259000E+01  0.3772567E+04
  0.3264700E+01  0.3342932E+04
  0.3270400E+01  0.2962058E+04
  0.3276100E+01  0.2624432E+04
  0.3281800E+01  0.2325159E+04
  0.3287500E+01  0.2059899E+04
  0.3293200E+01  0.1824801E+04
  0.3298900E+01  0.1616446E+04
  0.3304600E+01  0.1431804E+04
  0.3310300E+01  0.1268185E+04
  0.3316000E+01  0.1123204E+04
  0.3321700E+01  0.9947451E+03
  0.3327400E+01  0.8809315E+03
  0.3333100E+01  0.7800994E+03
  0.3338800E+01  0.6907730E+03
  0.3344500E+01  0.6116439E+03
  0.3350200E+01  0.5415516E+03
  0.3355900E+01  0.4794676E+03
  0.3361600E+01  0.4244798E+03
  0.3367300E+01  0.3757797E+03
  0.3373000E+01  0.3326505E+03
  0.3378700E+01  0.2944571E+03
  0.3384400E+01  0.2606363E+03
  0.3390100E+01  0.2306890E+03
  0.3395800E+01  0.2041730E+03
  0.3401500E+01  0.1806963E+03
  0.3407200E+01  0.1599115E+03
  0.3412900E+01  0.1415110E+03
  0.3418600E+01  0.1252220E+03
  0.3424300E+01  0.1108029E+03
  0.3430000E+01  0.9803975E+02
  0.3435700E+01  0.8674283E+02
  0.3441400E+01  0.7674422E+02
  0.3447100E+01  0.6789512E+02
  0.3452800E+01  0.6006374E+02
  0.3458500E+01  0.5313336E+02
  0.3464200E+01  0.4700060E+02
  0.3469900E+01  0.4157392E+02
  0.3475600E+01  0.3677224E+02
  0.3481300E+01  0.3252377E+02
  0.3487000E+01  0.2876495E+02
  0.3492700E+01  0.2543948E+02
  0.3498400E+01  0.2249754E+02
  0.3504100E+01  0.1989500E+02
  0.3509800E+01  0.1759282E+02
  0.3515500E+01  0.1555641E+02
  0.3521200E+01  0.1375518E+02
  0.3526900E+01  0.1216202E+02
  0.3532600E+01  0.1075296E+02
  0.3538300E+01  0.9506788E+01
  0.3544000E+01  0.8404708E+01
  0.3549700E+01  0.7430103E+01
  0.3555400E+01  0.6568264E+01
  0.3561100E+01  0.5806173E+01
  0.3566800E+01  0.5132312E+01
  0.3572500E+01  0.4536491E+01
  0.3578200E+01  0.4009693E+01
  0.3583900E+01  0.3543940E+01
  0.3589600E+01  0.3132173E+01
  0.3595300E+01  0.2768150E+01
  0.3601000E+01  0.2446347E+01
  0.3606700E+01  0.2161878E+01
  0.3612400E+01  0.1910420E+01
  0.3618100E+01  0.1688152E+01
  0.3623800E+01  0.1491693E+01
  0.3629500E+01  0.1318051E+01
  0.3635200E+01  0.1164583E+01
  0.3640900E+01  0.1028949E+01
  0.3646600E+01  0.9090814E+00
  0.3652300E+01  0.8031513E+00
  0.3658000E+01  0.7095412E+00
  0.3663700E+01  0.6268212E+00
  0.3669400E+01  0.5537270E+00
  0.3675100E+01  0.4891406E+00
  0.3680800E+01  0.4320738E+00
  0.3686500E+01  0.3816528E+00
  0.3692200E+01  0.3371050E+00
  0.3697900E+01  0.2977477E+00
  0.3703600E+01  0.2629773E+00
  0.3709300E+01  0.2322602E+00
  0.3715000E+01  0.2051247E+00
  0.3720700E+01  0.1811540E+00
  0.3726400E+01  0.1599797E+00
  0.3732100E+01  0.1412761E+00
  0.3737800E+01  0.1247555E+00
  0.3743500E+01  0.1101634E+00
  0.3749200E+01  0.9727528E-01
  0.3754900E+01  0.8589236E-01
  0.3760600E+01  0.7583919E-01
  0.3766300E+01  0.6696066E-01
  0.3772000E+01  0.5911977E-01
  0.3777700E+01  0.5219541E-01
  0.3783400E+01  0.4608063E-01
  0.3789100E+01  0.4068090E-01
  0.3794800E+01  0.3591272E-01
  0.3800500E+01  0.3170232E-01
  0.3806200E+01  0.2798452E-01
  0.3811900E+01  0.2470174E-01
  0.3817600E+01  0.2180313E-01
  0.3823300E+01  0.1924375E-01
  0.3829000E+01  0.1698391E-01
  0.3834700E+01  0.1498855E-01
  0.3840400E+01  0.1322668E-01
  0.3846100E+01  0.1167097E-01
  0.3851800E+01  0.1029722E-01
  0.3857500E+01  0.9084092E-02
  0.3863200E+01  0.8012720E-02
  0.3868900E+01  0.7066435E-02
  0.3874600E+01  0.6230509E-02
  0.3880300E+01  0.5491926E-02
  0.3886000E+01  0.4839181E-02
  0.3891700E+01  0.4262102E-02
  0.3897400E+01  0.3751691E-02
  0.3903100E+01  0.3299987E-02
  0.3908800E+01  0.2899942E-02
  0.3914500E+01  0.2545310E-02
  0.3920200E+01  0.2230553E-02
  0.3925900E+01  0.1950754E-02
  0.3931600E+01  0.1701538E-02
  0.3937300E+01  0.1479009E-02
  0.3943000E+01  0.1279684E-02
  0.3948700E+01  0.1100443E-02
  0.3954400E+01  0.9384809E-03
  0.3960100E+01  0.7912585E-03
  0.3965800E+01  0.6564682E-03
  0.3971500E+01  0.5319959E-03
  0.3977200E+01  0.4158881E-03
  0.3982900E+01  0.3063215E-03
  0.3988600E+01  0.2015744E-03
  0.3994300E+01  0.1000000E-03
  0.4000000E+01  0.0000000E+00
