  0.1000000E-01 -0.0000000E+00
  0.1570000E-01 -0.2570543E+07
  0.2140000E-01 -0.5618005E+07
  0.2710000E-01 -0.9685417E+07
  0.3280000E-01 -0.1547336E+08
  0.3850000E-01 -0.2395064E+08
  0.4420000E-01 -0.3650045E+08
  0.4990000E-01 -0.5512182E+08
  0.5560000E-01 -0.8271233E+08
  0.6130000E-01 -0.1234669E+09
  0.6700000E-01 -0.1834404E+09
  0.7270000E-01 -0.2713393E+09
  0.7840000E-01 -0.3996316E+09
  0.8410000E-01 -0.5860965E+09
  0.8980000E-01 -0.8559775E+09
  0.9550000E-01 -0.1244965E+10
  0.1012000E+00 -0.1803300E+10
  0.1069000E+00 -0.2601413E+10
  0.1126000E+00 -0.3737614E+10
  0.1183000E+00 -0.5348556E+10
  0.1240000E+00 -0.7623398E+10
  0.1297000E+00 -0.1082289E+11
  0.1354000E+00 -0.1530501E+11
  0.1411000E+00 -0.2155917E+11
  0.1468000E+00 -0.3025178E+11
  0.1525000E+00 -0.4228660E+11
  0.1582000E+00 -0.5888437E+11
  0.1639000E+00 -0.8168736E+11
  0.1696000E+00 -0.1128962E+12
  0.1753000E+00 -0.1554482E+12
  0.1810000E+00 -0.2132483E+12
  0.1867000E+00 -0.2914683E+12
  0.1924000E+00 -0.3969303E+12
  0.1981000E+00 -0.5386000E+12
  0.2038000E+00 -0.7282143E+12
  0.2095000E+00 -0.9810795E+12
  0.2152000E+00 -0.1317082E+13
  0.2209000E+00 -0.1761962E+13
  0.2266000E+00 -0.2348911E+13
  0.2323000E+00 -0.3120569E+13
  0.2380000E+00 -0.4131519E+13
  0.2437000E+00 -0.5451363E+13
  0.2494000E+00 -0.7168542E+13
  0.2551000E+00 -0.9395023E+13
  0.2608000E+00 -0.1227204E+14
  0.2665000E+00 -0.1597712E+14
  0.2722000E+00 -0.2073257E+14
  0.2779000E+00 -0.2681585E+14
  0.2836000E+00 -0.3457196E+14
  0.2893000E+00 -0.4442841E+14
  0.2950000E+00 -0.5691309E+14
  0.3007000E+00 -0.7267554E+14
  0.3064000E+00 -0.9251221E+14
  0.3121000E+00 -0.1173964E+15
  0.3178000E+00 -0.1485131E+15
  0.3235000E+00 -0.1873006E+15
  0.3292000E+00 -0.2354984E+15
  0.3349000E+00 -0.2952027E+15
  0.3406000E+00 -0.3689316E+15
  0.3463000E+00 -0.4596997E+15
  0.3520000E+00 -0.5711034E+15
  0.3577000E+00 -0.7074188E+15
  0.3634000E+00 -0.8737135E+15
  0.3691000E+00 -0.1075973E+16
  0.3748000E+00 -0.1321241E+16
  0.3805000E+00 -0.1617785E+16
  0.3862000E+00 -0.1975268E+16
  0.3919000E+00 -0.2404953E+16
  0.3976000E+00 -0.2919922E+16
  0.4033000E+00 -0.3535319E+16
  0.4090000E+00 -0.4268617E+16
  0.4147000E+00 -0.5139909E+16
  0.4204000E+00 -0.6172223E+16
  0.4261000E+00 -0.7391867E+16
  0.4318000E+00 -0.8828789E+16
  0.4375000E+00 -0.1051697E+17
  0.4432000E+00 -0.1249485E+17
  0.4489000E+00 -0.1480573E+17
  0.4546000E+00 -0.1749826E+17
  0.4603000E+00 -0.2062691E+17
  0.4660000E+00 -0.2425243E+17
  0.4717000E+00 -0.2844236E+17
  0.4774000E+00 -0.3327155E+17
  0.4831000E+00 -0.3882261E+17
  0.4888000E+00 -0.4518643E+17
  0.4945000E+00 -0.5246264E+17
  0.5002000E+00 -0.6076006E+17
  0.5059000E+00 -0.7019712E+17
  0.5116000E+00 -0.8090220E+17
  0.5173000E+00 -0.9301397E+17
  0.5230000E+00 -0.1066816E+18
  0.5287000E+00 -0.1220650E+18
  0.5344000E+00 -0.1393348E+18
  0.5401000E+00 -0.1586723E+18
  0.5458000E+00 -0.1802696E+18
  0.5515000E+00 -0.2043288E+18
  0.5572000E+00 -0.2310621E+18
  0.5629000E+00 -0.2606909E+18
  0.5686000E+00 -0.2934452E+18
  0.5743000E+00 -0.3295626E+18
  0.5800000E+00 -0.3692875E+18
  0.5857000E+00 -0.4128690E+18
  0.5914000E+00 -0.4605605E+18
  0.5971000E+00 -0.5126170E+18
  0.6028000E+00 -0.5692941E+18
  0.6085000E+00 -0.6308451E+18
  0.6142000E+00 -0.6975191E+18
  0.6199000E+00 -0.7695587E+18
  0.6256000E+00 -0.8471969E+18
  0.6313000E+00 -0.9306544E+18
  0.6370000E+00 -0.1020137E+19
  0.6427000E+00 -0.1115832E+19
  0.6484000E+00 -0.1217905E+19
  0.6541000E+00 -0.1326498E+19
  0.6598000E+00 -0.1441722E+19
  0.6655000E+00 -0.1563661E+19
  0.6712000E+00 -0.1692359E+19
  0.6769000E+00 -0.1827827E+19
  0.6826000E+00 -0.1970030E+19
  0.6883000E+00 -0.2118894E+19
  0.6940000E+00 -0.2274293E+19
  0.6997000E+00 -0.2436054E+19
  0.7054000E+00 -0.2603951E+19
  0.7111000E+00 -0.2777706E+19
  0.7168000E+00 -0.2956981E+19
  0.7225000E+00 -0.3141386E+19
  0.7282000E+00 -0.3330469E+19
  0.7339000E+00 -0.3523721E+19
  0.7396000E+00 -0.3720577E+19
  0.7453000E+00 -0.3920410E+19
  0.7510000E+00 -0.4122541E+19
  0.7567000E+00 -0.4326232E+19
  0.7624000E+00 -0.4530695E+19
  0.7681000E+00 -0.4735091E+19
  0.7738000E+00 -0.4938535E+19
  0.7795000E+00 -0.5140099E+19
  0.7852000E+00 -0.5338818E+19
  0.7909000E+00 -0.5533691E+19
  0.7966000E+00 -0.5723692E+19
  0.8023000E+00 -0.5907771E+19
  0.8080000E+00 -0.6084864E+19
  0.8137000E+00 -0.6253897E+19
  0.8194000E+00 -0.6413793E+19
  0.8251000E+00 -0.6563481E+19
  0.8308000E+00 -0.6701903E+19
  0.8365000E+00 -0.6828021E+19
  0.8422000E+00 -0.6940821E+19
  0.8479000E+00 -0.7039329E+19
  0.8536000E+00 -0.7122611E+19
  0.8593000E+00 -0.7189782E+19
  0.8650000E+00 -0.7240016E+19
  0.8707000E+00 -0.7272549E+19
  0.8764000E+00 -0.7286687E+19
  0.8821000E+00 -0.7281815E+19
  0.8878000E+00 -0.7257549E+19
  0.8935000E+00 -0.7213286E+19
  0.8992000E+00 -0.7148670E+19
  0.9049000E+00 -0.7063436E+19
  0.9106000E+00 -0.6957419E+19
  0.9163000E+00 -0.6830554E+19
  0.9220000E+00 -0.6682879E+19
  0.9277000E+00 -0.6514533E+19
  0.9334000E+00 -0.6325760E+19
  0.9391000E+00 -0.6116907E+19
  0.9448000E+00 -0.5888419E+19
  0.9505000E+00 -0.5640844E+19
  0.9562000E+00 -0.5374826E+19
  0.9619000E+00 -0.5091099E+19
  0.9676000E+00 -0.4790489E+19
  0.9733000E+00 -0.4473905E+19
  0.9790000E+00 -0.4142335E+19
  0.9847000E+00 -0.3796838E+19
  0.9904000E+00 -0.3438542E+19
  0.9961000E+00 -0.3068633E+19
  0.1001800E+01 -0.2688350E+19
  0.1007500E+01 -0.2298978E+19
  0.1013200E+01 -0.1901838E+19
  0.1018900E+01 -0.1498281E+19
  0.1024600E+01 -0.1089680E+19
  0.1030300E+01 -0.6774225E+18
  0.1036000E+01 -0.2628993E+18
  0.1041700E+01  0.1524989E+18
  0.1047400E+01  0.5673922E+18
  0.1053100E+01  0.9804177E+18
  0.1058800E+01  0.1390237E+19
  0.1064500E+01  0.1795544E+19
  0.1070200E+01  0.2195070E+19
  0.1075900E+01  0.2587591E+19
  0.1081600E+01  0.2971932E+19
  0.1087300E+01  0.3346975E+19
  0.1093000E+01  0.3711662E+19
  0.1098700E+01  0.4064997E+19
  0.1104400E+01  0.4406055E+19
  0.1110100E+01  0.4733981E+19
  0.1115800E+01  0.5047994E+19
  0.1121500E+01  0.5347390E+19
  0.1127200E+01  0.5631541E+19
  0.1132900E+01  0.5899899E+19
  0.1138600E+01  0.6151995E+19
  0.1144300E+01  0.6387438E+19
  0.1150000E+01  0.6605918E+19
  0.1155700E+01  0.6807200E+19
  0.1161400E+01  0.6991127E+19
  0.1167100E+01  0.7157617E+19
  0.1172800E+01  0.7306657E+19
  0.1178500E+01  0.7438308E+19
  0.1184200E+01  0.7552696E+19
  0.1189900E+01  0.7650008E+19
  0.1195600E+01  0.7730497E+19
  0.1201300E+01  0.7794467E+19
  0.1207000E+01  0.7842279E+19
  0.1212700E+01  0.7874340E+19
  0.1218400E+01  0.7891104E+19
  0.1224100E+01  0.7893066E+19
  0.1229800E+01  0.7880755E+19
  0.1235500E+01  0.7854736E+19
  0.1241200E+01  0.7815599E+19
  0.1246900E+01  0.7763961E+19
  0.1252600E+01  0.7700457E+19
  0.1258300E+01  0.7625740E+19
  0.1264000E+01  0.7540474E+19
  0.1269700E+01  0.7445332E+19
  0.1275400E+01  0.7340994E+19
  0.1281100E+01  0.7228138E+19
  0.1286800E+01  0.7107445E+19
  0.1292500E+01  0.6979586E+19
  0.1298200E+01  0.6845231E+19
  0.1303900E+01  0.6705034E+19
  0.1309600E+01  0.6559641E+19
  0.1315300E+01  0.6409681E+19
  0.1321000E+01  0.6255767E+19
  0.1326700E+01  0.6098494E+19
  0.1332400E+01  0.5938436E+19
  0.1338100E+01  0.5776146E+19
  0.1343800E+01  0.5612154E+19
  0.1349500E+01  0.5446968E+19
  0.1355200E+01  0.5281070E+19
  0.1360900E+01  0.5114918E+19
  0.1366600E+01  0.4948942E+19
  0.1372300E+01  0.4783550E+19
  0.1378000E+01  0.4619121E+19
  0.1383700E+01  0.4456010E+19
  0.1389400E+01  0.4294545E+19
  0.1395100E+01  0.4135030E+19
  0.1400800E+01  0.3977741E+19
  0.1406500E+01  0.3822933E+19
  0.1412200E+01  0.3670834E+19
  0.1417900E+01  0.3521650E+19
  0.1423600E+01  0.3375564E+19
  0.1429300E+01  0.3232736E+19
  0.1435000E+01  0.3093308E+19
  0.1440700E+01  0.2957398E+19
  0.1446400E+01  0.2825107E+19
  0.1452100E+01  0.2696518E+19
  0.1457800E+01  0.2571693E+19
  0.1463500E+01  0.2450683E+19
  0.1469200E+01  0.2333519E+19
  0.1474900E+01  0.2220221E+19
  0.1480600E+01  0.2110793E+19
  0.1486300E+01  0.2005227E+19
  0.1492000E+01  0.1903505E+19
  0.1497700E+01  0.1805597E+19
  0.1503400E+01  0.1711464E+19
  0.1509100E+01  0.1621057E+19
  0.1514800E+01  0.1534321E+19
  0.1520500E+01  0.1451192E+19
  0.1526200E+01  0.1371601E+19
  0.1531900E+01  0.1295473E+19
  0.1537600E+01  0.1222728E+19
  0.1543300E+01  0.1153282E+19
  0.1549000E+01  0.1087048E+19
  0.1554700E+01  0.1023935E+19
  0.1560400E+01  0.9638503E+18
  0.1566100E+01  0.9066996E+18
  0.1571800E+01  0.8523870E+18
  0.1577500E+01  0.8008159E+18
  0.1583200E+01  0.7518894E+18
  0.1588900E+01  0.7055104E+18
  0.1594600E+01  0.6615822E+18
  0.1600300E+01  0.6200089E+18
  0.1606000E+01  0.5806954E+18
  0.1611700E+01  0.5435480E+18
  0.1617400E+01  0.5084743E+18
  0.1623100E+01  0.4753838E+18
  0.1628800E+01  0.4441876E+18
  0.1634500E+01  0.4147991E+18
  0.1640200E+01  0.3871335E+18
  0.1645900E+01  0.3611086E+18
  0.1651600E+01  0.3366444E+18
  0.1657300E+01  0.3136633E+18
  0.1663000E+01  0.2920904E+18
  0.1668700E+01  0.2718531E+18
  0.1674400E+01  0.2528814E+18
  0.1680100E+01  0.2351081E+18
  0.1685800E+01  0.2184682E+18
  0.1691500E+01  0.2028996E+18
  0.1697200E+01  0.1883426E+18
  0.1702900E+01  0.1747401E+18
  0.1708600E+01  0.1620374E+18
  0.1714300E+01  0.1501822E+18
  0.1720000E+01  0.1391248E+18
  0.1725700E+01  0.1288176E+18
  0.1731400E+01  0.1192154E+18
  0.1737100E+01  0.1102754E+18
  0.1742800E+01  0.1019566E+18
  0.1748500E+01  0.9422028E+17
  0.1754200E+01  0.8702980E+17
  0.1759900E+01  0.8035035E+17
  0.1765600E+01  0.7414907E+17
  0.1771300E+01  0.6839488E+17
  0.1777000E+01  0.6305844E+17
  0.1782700E+01  0.5811207E+17
  0.1788400E+01  0.5352969E+17
  0.1794100E+01  0.4928675E+17
  0.1799800E+01  0.4536014E+17
  0.1805500E+01  0.4172814E+17
  0.1811200E+01  0.3837035E+17
  0.1816900E+01  0.3526763E+17
  0.1822600E+01  0.3240204E+17
  0.1828300E+01  0.2975674E+17
  0.1834000E+01  0.2731601E+17
  0.1839700E+01  0.2506509E+17
  0.1845400E+01  0.2299022E+17
  0.1851100E+01  0.2107854E+17
  0.1856800E+01  0.1931803E+17
  0.1862500E+01  0.1769749E+17
  0.1868200E+01  0.1620647E+17
  0.1873900E+01  0.1483525E+17
  0.1879600E+01  0.1357476E+17
  0.1885300E+01  0.1241658E+17
  0.1891000E+01  0.1135287E+17
  0.1896700E+01  0.1037635E+17
  0.1902400E+01  0.9480264E+16
  0.1908100E+01  0.8658336E+16
  0.1913800E+01  0.7904747E+16
  0.1919500E+01  0.7214105E+16
  0.1925200E+01  0.6581415E+16
  0.1930900E+01  0.6002052E+16
  0.1936600E+01  0.5471737E+16
  0.1942300E+01  0.4986514E+16
  0.1948000E+01  0.4542725E+16
  0.1953700E+01  0.4136994E+16
  0.1959400E+01  0.3766201E+16
  0.1965100E+01  0.3427470E+16
  0.1970800E+01  0.3118147E+16
  0.1976500E+01  0.2835786E+16
  0.1982200E+01  0.2578135E+16
  0.1987900E+01  0.2343119E+16
  0.1993600E+01  0.2128828E+16
  0.1999300E+01  0.1933508E+16
  0.2005000E+01  0.1755542E+16
  0.2010700E+01  0.1593448E+16
  0.2016400E+01  0.1445863E+16
  0.2022100E+01  0.1311534E+16
  0.2027800E+01  0.1189316E+16
  0.2033500E+01  0.1078153E+16
  0.2039200E+01  0.9770815E+15
  0.2044900E+01  0.8852160E+15
  0.2050600E+01  0.8017463E+15
  0.2056300E+01  0.7259305E+15
  0.2062000E+01  0.6570894E+15
  0.2067700E+01  0.5946021E+15
  0.2073400E+01  0.5379005E+15
  0.2079100E+01  0.4864656E+15
  0.2084800E+01  0.4398230E+15
  0.2090500E+01  0.3975396E+15
  0.2096200E+01  0.3592201E+15
  0.2101900E+01  0.3245036E+15
  0.2107600E+01  0.2930612E+15
  0.2113300E+01  0.2645926E+15
  0.2119000E+01  0.2388245E+15
  0.2124700E+01  0.2155077E+15
  0.2130400E+01  0.1944153E+15
  0.2136100E+01  0.1753407E+15
  0.2141800E+01  0.1580959E+15
  0.2147500E+01  0.1425099E+15
  0.2153200E+01  0.1284272E+15
  0.2158900E+01  0.1157064E+15
  0.2164600E+01  0.1042191E+15
  0.2170300E+01  0.9384850E+14
  0.2176000E+01  0.8448869E+14
  0.2181700E+01  0.7604345E+14
  0.2187400E+01  0.6842551E+14
  0.2193100E+01  0.6155568E+14
  0.2198800E+01  0.5536215E+14
  0.2204500E+01  0.4977982E+14
  0.2210200E+01  0.4474971E+14
  0.2215900E+01  0.4021836E+14
  0.2221600E+01  0.3613737E+14
  0.2227300E+01  0.3246294E+14
  0.2233000E+01  0.2915539E+14
  0.2238700E+01  0.2617885E+14
  0.2244400E+01  0.2350086E+14
  0.2250100E+01  0.2109207E+14
  0.2255800E+01  0.1892594E+14
  0.2261500E+01  0.1697852E+14
  0.2267200E+01  0.1522814E+14
  0.2272900E+01  0.1365523E+14
  0.2278600E+01  0.1224215E+14
  0.2284300E+01  0.1097294E+14
  0.2290000E+01  0.9833232E+13
  0.2295700E+01  0.8810042E+13
  0.2301400E+01  0.7891669E+13
  0.2307100E+01  0.7067563E+13
  0.2312800E+01  0.6328215E+13
  0.2318500E+01  0.5665056E+13
  0.2324200E+01  0.5070366E+13
  0.2329900E+01  0.4537194E+13
  0.2335600E+01  0.4059279E+13
  0.2341300E+01  0.3630987E+13
  0.2347000E+01  0.3247248E+13
  0.2352700E+01  0.2903501E+13
  0.2358400E+01  0.2595642E+13
  0.2364100E+01  0.2319982E+13
  0.2369800E+01  0.2073205E+13
  0.2375500E+01  0.1852329E+13
  0.2381200E+01  0.1654676E+13
  0.2386900E+01  0.1477841E+13
  0.2392600E+01  0.1319662E+13
  0.2398300E+01  0.1178199E+13
  0.2404000E+01  0.1051711E+13
  0.2409700E+01  0.9386341E+12
  0.2415400E+01  0.8375662E+12
  0.2421100E+01  0.7472493E+12
  0.2426800E+01  0.6665550E+12
  0.2432500E+01  0.5944718E+12
  0.2438200E+01  0.5300928E+12
  0.2443900E+01  0.4726052E+12
  0.2449600E+01  0.4212808E+12
  0.2455300E+01  0.3754672E+12
  0.2461000E+01  0.3345802E+12
  0.2466700E+01  0.2980963E+12
  0.2472400E+01  0.2655474E+12
  0.2478100E+01  0.2365140E+12
  0.2483800E+01  0.2106211E+12
  0.2489500E+01  0.1875329E+12
  0.2495200E+01  0.1669492E+12
  0.2500900E+01  0.1486014E+12
  0.2506600E+01  0.1322494E+12
  0.2512300E+01  0.1176786E+12
  0.2518000E+01  0.1046970E+12
  0.2523700E+01  0.9313339E+11
  0.2529400E+01  0.8283442E+11
  0.2535100E+01  0.7366332E+11
  0.2540800E+01  0.6549789E+11
  0.2546500E+01  0.5822899E+11
  0.2552200E+01  0.5175923E+11
  0.2557900E+01  0.4600165E+11
  0.2563600E+01  0.4087866E+11
  0.2569300E+01  0.3632101E+11
  0.2575000E+01  0.3226693E+11
  0.2580700E+01  0.2866135E+11
  0.2586400E+01  0.2545511E+11
  0.2592100E+01  0.2260443E+11
  0.2597800E+01  0.2007024E+11
  0.2603500E+01  0.1781774E+11
  0.2609200E+01  0.1581590E+11
  0.2614900E+01  0.1403710E+11
  0.2620600E+01  0.1245671E+11
  0.2626300E+01  0.1105279E+11
  0.2632000E+01  0.9805825E+10
  0.2637700E+01  0.8698412E+10
  0.2643400E+01  0.7715074E+10
  0.2649100E+01  0.6842029E+10
  0.2654800E+01  0.6067012E+10
  0.2660500E+01  0.5379109E+10
  0.2666200E+01  0.4768611E+10
  0.2671900E+01  0.4226880E+10
  0.2677600E+01  0.3746233E+10
  0.2683300E+01  0.3319838E+10
  0.2689000E+01  0.2941622E+10
  0.2694700E+01  0.2606183E+10
  0.2700400E+01  0.2308721E+10
  0.2706100E+01  0.2044970E+10
  0.2711800E+01  0.1811140E+10
  0.2717500E+01  0.1603861E+10
  0.2723200E+01  0.1420142E+10
  0.2728900E+01  0.1257324E+10
  0.2734600E+01  0.1113048E+10
  0.2740300E+01  0.9852166E+09
  0.2746000E+01  0.8719697E+09
  0.2751700E+01  0.7716551E+09
  0.2757400E+01  0.6828065E+09
  0.2763100E+01  0.6041224E+09
  0.2768800E+01  0.5344481E+09
  0.2774500E+01  0.4727591E+09
  0.2780200E+01  0.4181462E+09
  0.2785900E+01  0.3698034E+09
  0.2791600E+01  0.3270156E+09
  0.2797300E+01  0.2891486E+09
  0.2803000E+01  0.2556403E+09
  0.2808700E+01  0.2259921E+09
  0.2814400E+01  0.1997623E+09
  0.2820100E+01  0.1765592E+09
  0.2825800E+01  0.1560357E+09
  0.2831500E+01  0.1378843E+09
  0.2837200E+01  0.1218326E+09
  0.2842900E+01  0.1076391E+09
  0.2848600E+01  0.9508994E+08
  0.2854300E+01  0.8399586E+08
  0.2860000E+01  0.7418911E+08
  0.2865700E+01  0.6552118E+08
  0.2871400E+01  0.5786058E+08
  0.2877100E+01  0.5109093E+08
  0.2882800E+01  0.4510919E+08
  0.2888500E+01  0.3982418E+08
  0.2894200E+01  0.3515519E+08
  0.2899900E+01  0.3103082E+08
  0.2905600E+01  0.2738789E+08
  0.2911300E+01  0.2417051E+08
  0.2917000E+01  0.2132922E+08
  0.2922700E+01  0.1882030E+08
  0.2928400E+01  0.1660508E+08
  0.2934100E+01  0.1464934E+08
  0.2939800E+01  0.1292286E+08
  0.2945500E+01  0.1139890E+08
  0.2951200E+01  0.1005382E+08
  0.2956900E+01  0.8866725E+07
  0.2962600E+01  0.7819157E+07
  0.2968300E+01  0.6894795E+07
  0.2974000E+01  0.6079219E+07
  0.2979700E+01  0.5359688E+07
  0.2985400E+01  0.4724946E+07
  0.2991100E+01  0.4165048E+07
  0.2996800E+01  0.3671210E+07
  0.3002500E+01  0.3235675E+07
  0.3008200E+01  0.2851591E+07
  0.3013900E+01  0.2512907E+07
  0.3019600E+01  0.2214282E+07
  0.3025300E+01  0.1950998E+07
  0.3031000E+01  0.1718891E+07
  0.3036700E+01  0.1514286E+07
  0.3042400E+01  0.1333938E+07
  0.3048100E+01  0.1174984E+07
  0.3053800E+01  0.1034897E+07
  0.3059500E+01  0.9114460E+06
  0.3065200E+01  0.8026647E+06
  0.3070900E+01  0.7068167E+06
  0.3076600E+01  0.6223707E+06
  0.3082300E+01  0.5479759E+06
  0.3088000E+01  0.4824407E+06
  0.3093700E+01  0.4247143E+06
  0.3099400E+01  0.3738699E+06
  0.3105100E+01  0.3290903E+06
  0.3110800E+01  0.2896547E+06
  0.3116500E+01  0.2549281E+06
  0.3122200E+01  0.2243501E+06
  0.3127900E+01  0.1974270E+06
  0.3133600E+01  0.1737237E+06
  0.3139300E+01  0.1528564E+06
  0.3145000E+01  0.1344872E+06
  0.3150700E+01  0.1183180E+06
  0.3156400E+01  0.1040863E+06
  0.3162100E+01  0.9156079E+05
  0.3167800E+01  0.8053762E+05
  0.3173500E+01  0.7083724E+05
  0.3179200E+01  0.6230147E+05
  0.3184900E+01  0.5479095E+05
  0.3190600E+01  0.4818298E+05
  0.3196300E+01  0.4236945E+05
  0.3202000E+01  0.3725517E+05
  0.3207700E+01  0.3275632E+05
  0.3213400E+01  0.2879909E+05
  0.3219100E+01  0.2531847E+05
  0.3224800E+01  0.2225726E+05
  0.3230500E+01  0.1956507E+05
  0.3236200E+01  0.1719756E+05
  0.3241900E+01  0.1511570E+05
  0.3247600E+01  0.1328514E+05
  0.3253300E+01  0.1167562E+05
  0.3259000E+01  0.1026055E+05
  0.3264700E+01  0.9016499E+04
  0.3270400E+01  0.7922864E+04
  0.3276100E+01  0.6961511E+04
  0.3281800E+01  0.6116488E+04
  0.3287500E+01  0.5373759E+04
  0.3293200E+01  0.4720977E+04
  0.3298900E+01  0.4147281E+04
  0.3304600E+01  0.3643116E+04
  0.3310300E+01  0.3200079E+04
  0.3316000E+01  0.2810779E+04
  0.3321700E+01  0.2468717E+04
  0.3327400E+01  0.2168176E+04
  0.3333100E+01  0.1904130E+04
  0.3338800E+01  0.1672160E+04
  0.3344500E+01  0.1468379E+04
  0.3350200E+01  0.1289371E+04
  0.3355900E+01  0.1132132E+04
  0.3361600E+01  0.9940216E+03
  0.3367300E+01  0.8727192E+03
  0.3373000E+01  0.7661843E+03
  0.3378700E+01  0.6726237E+03
  0.3384400E+01  0.5904612E+03
  0.3390100E+01  0.5183118E+03
  0.3395800E+01  0.4549581E+03
  0.3401500E+01  0.3993305E+03
  0.3407200E+01  0.3504891E+03
  0.3412900E+01  0.3076081E+03
  0.3418600E+01  0.2699617E+03
  0.3424300E+01  0.2369124E+03
  0.3430000E+01  0.2079003E+03
  0.3435700E+01  0.1824333E+03
  0.3441400E+01  0.1600792E+03
  0.3447100E+01  0.1404584E+03
  0.3452800E+01  0.1232375E+03
  0.3458500E+01  0.1081235E+03
  0.3464200E+01  0.9485920E+02
  0.3469900E+01  0.8321883E+02
  0.3475600E+01  0.7300395E+02
  0.3481300E+01  0.6404039E+02
  0.3487000E+01  0.5617519E+02
  0.3492700E+01  0.4927404E+02
  0.3498400E+01  0.4321903E+02
  0.3504100E+01  0.3790664E+02
  0.3509800E+01  0.3324597E+02
  0.3515500E+01  0.2915723E+02
  0.3521200E+01  0.2557039E+02
  0.3526900E+01  0.2242396E+02
  0.3532600E+01  0.1966398E+02
  0.3538300E+01  0.1724306E+02
  0.3544000E+01  0.1511965E+02
  0.3549700E+01  0.1325725E+02
  0.3555400E+01  0.1162384E+02
  0.3561100E+01  0.1019132E+02
  0.3566800E+01  0.8935034E+01
  0.3572500E+01  0.7833335E+01
  0.3578200E+01  0.6867239E+01
  0.3583900E+01  0.6020087E+01
  0.3589600E+01  0.5277261E+01
  0.3595300E+01  0.4625938E+01
  0.3601000E+01  0.4054865E+01
  0.3606700E+01  0.3554173E+01
  0.3612400E+01  0.3115204E+01
  0.3618100E+01  0.2730362E+01
  0.3623800E+01  0.2392984E+01
  0.3629500E+01  0.2097227E+01
  0.3635200E+01  0.1837965E+01
  0.3640900E+01  0.1610703E+01
  0.3646600E+01  0.1411496E+01
  0.3652300E+01  0.1236889E+01
  0.3658000E+01  0.1083847E+01
  0.3663700E+01  0.9497126E+00
  0.3669400E+01  0.8321528E+00
  0.3675100E+01  0.7291232E+00
  0.3680800E+01  0.6388306E+00
  0.3686500E+01  0.5597029E+00
  0.3692200E+01  0.4903618E+00
  0.3697900E+01  0.4295987E+00
  0.3703600E+01  0.3763541E+00
  0.3709300E+01  0.3296992E+00
  0.3715000E+01  0.2888196E+00
  0.3720700E+01  0.2530015E+00
  0.3726400E+01  0.2216191E+00
  0.3732100E+01  0.1941240E+00
  0.3737800E+01  0.1700353E+00
  0.3743500E+01  0.1489316E+00
  0.3749200E+01  0.1304435E+00
  0.3754900E+01  0.1142474E+00
  0.3760600E+01  0.1000594E+00
  0.3766300E+01  0.8763103E-01
  0.3772000E+01  0.7674423E-01
  0.3777700E+01  0.6720808E-01
  0.3783400E+01  0.5885522E-01
  0.3789100E+01  0.5153901E-01
  0.3794800E+01  0.4513095E-01
  0.3800500E+01  0.3951843E-01
  0.3806200E+01  0.3460280E-01
  0.3811900E+01  0.3029761E-01
  0.3817600E+01  0.2652712E-01
  0.3823300E+01  0.2322496E-01
  0.3829000E+01  0.2033299E-01
  0.3834700E+01  0.1780027E-01
  0.3840400E+01  0.1558217E-01
  0.3846100E+01  0.1363958E-01
  0.3851800E+01  0.1193825E-01
  0.3857500E+01  0.1044816E-01
  0.3863200E+01  0.9143010E-02
  0.3868900E+01  0.7999757E-02
  0.3874600E+01  0.6998208E-02
  0.3880300E+01  0.6120665E-02
  0.3886000E+01  0.5351616E-02
  0.3891700E+01  0.4677463E-02
  0.3897400E+01  0.4086279E-02
  0.3903100E+01  0.3567604E-02
  0.3908800E+01  0.3112254E-02
  0.3914500E+01  0.2712167E-02
  0.3920200E+01  0.2360253E-02
  0.3925900E+01  0.2050277E-02
  0.3931600E+01  0.1776742E-02
  0.3937300E+01  0.1534797E-02
  0.3943000E+01  0.1320149E-02
  0.3948700E+01  0.1128988E-02
  0.3954400E+01  0.9579197E-03
  0.3960100E+01  0.8039044E-03
  0.3965800E+01  0.6642049E-03
  0.3971500E+01  0.5363372E-03
  0.3977200E+01  0.4180266E-03
  0.3982900E+01  0.3071669E-03
  0.3988600E+01  0.2017840E-03
  0.3994300E+01  0.1000000E-03
  0.4000000E+01  0.0000000E+00
