  0.1000000E-01 -0.0000000E+00
  0.1570000E-01 -0.2547171E+00
  0.2140000E-01 -0.5547494E+00
  0.2710000E-01 -0.9512649E+00
  0.3280000E-01 -0.1509508E+01
  0.3850000E-01 -0.2318595E+01
  0.4420000E-01 -0.3504245E+01
  0.4990000E-01 -0.5246068E+01
  0.5560000E-01 -0.7801486E+01
  0.6130000E-01 -0.1153903E+02
  0.6700000E-01 -0.1698473E+02
  0.7270000E-01 -0.2488648E+02
  0.7840000E-01 -0.3630316E+02
  0.8410000E-01 -0.5272739E+02
  0.8980000E-01 -0.7625384E+02
  0.9550000E-01 -0.1098090E+03
  0.1012000E+00 -0.1574635E+03
  0.1069000E+00 -0.2248541E+03
  0.1126000E+00 -0.3197523E+03
  0.1183000E+00 -0.4528253E+03
  0.1240000E+00 -0.6386519E+03
  0.1297000E+00 -0.8970698E+03
  0.1354000E+00 -0.1254956E+04
  0.1411000E+00 -0.1748571E+04
  0.1468000E+00 -0.2426619E+04
  0.1525000E+00 -0.3354249E+04
  0.1582000E+00 -0.4618233E+04
  0.1639000E+00 -0.6333656E+04
  0.1696000E+00 -0.8652516E+04
  0.1753000E+00 -0.1177472E+05
  0.1810000E+00 -0.1596212E+05
  0.1867000E+00 -0.2155621E+05
  0.1924000E+00 -0.2900062E+05
  0.1981000E+00 -0.3886922E+05
  0.2038000E+00 -0.5190134E+05
  0.2095000E+00 -0.6904557E+05
  0.2152000E+00 -0.9151408E+05
  0.2209000E+00 -0.1208496E+06
  0.2266000E+00 -0.1590074E+06
  0.2323000E+00 -0.2084560E+06
  0.2380000E+00 -0.2722993E+06
  0.2437000E+00 -0.3544240E+06
  0.2494000E+00 -0.4596780E+06
  0.2551000E+00 -0.5940842E+06
  0.2608000E+00 -0.7650946E+06
  0.2665000E+00 -0.9818934E+06
  0.2722000E+00 -0.1255754E+07
  0.2779000E+00 -0.1600462E+07
  0.2836000E+00 -0.2032800E+07
  0.2893000E+00 -0.2573131E+07
  0.2950000E+00 -0.3246049E+07
  0.3007000E+00 -0.4081155E+07
  0.3064000E+00 -0.5113920E+07
  0.3121000E+00 -0.6386690E+07
  0.3178000E+00 -0.7949812E+07
  0.3235000E+00 -0.9862904E+07
  0.3292000E+00 -0.1219628E+08
  0.3349000E+00 -0.1503254E+08
  0.3406000E+00 -0.1846830E+08
  0.3463000E+00 -0.2261614E+08
  0.3520000E+00 -0.2760668E+08
  0.3577000E+00 -0.3359085E+08
  0.3634000E+00 -0.4074230E+08
  0.3691000E+00 -0.4926003E+08
  0.3748000E+00 -0.5937104E+08
  0.3805000E+00 -0.7133324E+08
  0.3862000E+00 -0.8543831E+08
  0.3919000E+00 -0.1020147E+09
  0.3976000E+00 -0.1214304E+09
  0.4033000E+00 -0.1440964E+09
  0.4090000E+00 -0.1704687E+09
  0.4147000E+00 -0.2010514E+09
  0.4204000E+00 -0.2363990E+09
  0.4261000E+00 -0.2771181E+09
  0.4318000E+00 -0.3238690E+09
  0.4375000E+00 -0.3773664E+09
  0.4432000E+00 -0.4383797E+09
  0.4489000E+00 -0.5077323E+09
  0.4546000E+00 -0.5863000E+09
  0.4603000E+00 -0.6750077E+09
  0.4660000E+00 -0.7748262E+09
  0.4717000E+00 -0.8867665E+09
  0.4774000E+00 -0.1011873E+10
  0.4831000E+00 -0.1151214E+10
  0.4888000E+00 -0.1305874E+10
  0.4945000E+00 -0.1476941E+10
  0.5002000E+00 -0.1665491E+10
  0.5059000E+00 -0.1872574E+10
  0.5116000E+00 -0.2099199E+10
  0.5173000E+00 -0.2346310E+10
  0.5230000E+00 -0.2614770E+10
  0.5287000E+00 -0.2905338E+10
  0.5344000E+00 -0.3218642E+10
  0.5401000E+00 -0.3555159E+10
  0.5458000E+00 -0.3915186E+10
  0.5515000E+00 -0.4298817E+10
  0.5572000E+00 -0.4705915E+10
  0.5629000E+00 -0.5136087E+10
  0.5686000E+00 -0.5588657E+10
  0.5743000E+00 -0.6062648E+10
  0.5800000E+00 -0.6556751E+10
  0.5857000E+00 -0.7069315E+10
  0.5914000E+00 -0.7598325E+10
  0.5971000E+00 -0.8141388E+10
  0.6028000E+00 -0.8695729E+10
  0.6085000E+00 -0.9258184E+10
  0.6142000E+00 -0.9825201E+10
  0.6199000E+00 -0.1039285E+11
  0.6256000E+00 -0.1095682E+11
  0.6313000E+00 -0.1151248E+11
  0.6370000E+00 -0.1205485E+11
  0.6427000E+00 -0.1257867E+11
  0.6484000E+00 -0.1307844E+11
  0.6541000E+00 -0.1354845E+11
  0.6598000E+00 -0.1398285E+11
  0.6655000E+00 -0.1437570E+11
  0.6712000E+00 -0.1472104E+11
  0.6769000E+00 -0.1501296E+11
  0.6826000E+00 -0.1524569E+11
  0.6883000E+00 -0.1541366E+11
  0.6940000E+00 -0.1551159E+11
  0.6997000E+00 -0.1553459E+11
  0.7054000E+00 -0.1547822E+11
  0.7111000E+00 -0.1533876E+11
  0.7168000E+00 -0.1511278E+11
  0.7225000E+00 -0.1479773E+11
  0.7282000E+00 -0.1439184E+11
  0.7339000E+00 -0.1389419E+11
  0.7396000E+00 -0.1330475E+11
  0.7453000E+00 -0.1262447E+11
  0.7510000E+00 -0.1185528E+11
  0.7567000E+00 -0.1100015E+11
  0.7624000E+00 -0.1006307E+11
  0.7681000E+00 -0.9049072E+10
  0.7738000E+00 -0.7964229E+10
  0.7795000E+00 -0.6815602E+10
  0.7852000E+00 -0.5611210E+10
  0.7909000E+00 -0.4359974E+10
  0.7966000E+00 -0.3071639E+10
  0.8023000E+00 -0.1756695E+10
  0.8080000E+00 -0.4262736E+09
  0.8137000E+00  0.9079644E+09
  0.8194000E+00  0.2233950E+10
  0.8251000E+00  0.3539339E+10
  0.8308000E+00  0.4811653E+10
  0.8365000E+00  0.6038429E+10
  0.8422000E+00  0.7207366E+10
  0.8479000E+00  0.8306481E+10
  0.8536000E+00  0.9324266E+10
  0.8593000E+00  0.1024983E+11
  0.8650000E+00  0.1107306E+11
  0.8707000E+00  0.1178476E+11
  0.8764000E+00  0.1237674E+11
  0.8821000E+00  0.1284203E+11
  0.8878000E+00  0.1317488E+11
  0.8935000E+00  0.1337092E+11
  0.8992000E+00  0.1342725E+11
  0.9049000E+00  0.1334241E+11
  0.9106000E+00  0.1311655E+11
  0.9163000E+00  0.1275132E+11
  0.9220000E+00  0.1224997E+11
  0.9277000E+00  0.1161729E+11
  0.9334000E+00  0.1085956E+11
  0.9391000E+00  0.9984521E+10
  0.9448000E+00  0.9001267E+10
  0.9505000E+00  0.7920172E+10
  0.9562000E+00  0.6752764E+10
  0.9619000E+00  0.5511595E+10
  0.9676000E+00  0.4210105E+10
  0.9733000E+00  0.2862461E+10
  0.9790000E+00  0.1483393E+10
  0.9847000E+00  0.8802131E+08
  0.9904000E+00 -0.1308318E+10
  0.9961000E+00 -0.2690259E+10
  0.1001800E+01 -0.4042583E+10
  0.1007500E+01 -0.5350401E+10
  0.1013200E+01 -0.6599327E+10
  0.1018900E+01 -0.7775646E+10
  0.1024600E+01 -0.8866475E+10
  0.1030300E+01 -0.9859908E+10
  0.1036000E+01 -0.1074516E+11
  0.1041700E+01 -0.1151267E+11
  0.1047400E+01 -0.1215424E+11
  0.1053100E+01 -0.1266308E+11
  0.1058800E+01 -0.1303392E+11
  0.1064500E+01 -0.1326302E+11
  0.1070200E+01 -0.1334825E+11
  0.1075900E+01 -0.1328905E+11
  0.1081600E+01 -0.1308648E+11
  0.1087300E+01 -0.1274314E+11
  0.1093000E+01 -0.1226315E+11
  0.1098700E+01 -0.1165212E+11
  0.1104400E+01 -0.1091701E+11
  0.1110100E+01 -0.1006609E+11
  0.1115800E+01 -0.9108790E+10
  0.1121500E+01 -0.8055634E+10
  0.1127200E+01 -0.6918062E+10
  0.1132900E+01 -0.5708317E+10
  0.1138600E+01 -0.4439293E+10
  0.1144300E+01 -0.3124388E+10
  0.1150000E+01 -0.1777353E+10
  0.1155700E+01 -0.4121317E+09
  0.1161400E+01  0.9572837E+09
  0.1167100E+01  0.2317009E+10
  0.1172800E+01  0.3653411E+10
  0.1178500E+01  0.4953249E+10
  0.1184200E+01  0.6203807E+10
  0.1189900E+01  0.7393015E+10
  0.1195600E+01  0.8509568E+10
  0.1201300E+01  0.9543026E+10
  0.1207000E+01  0.1048390E+11
  0.1212700E+01  0.1132375E+11
  0.1218400E+01  0.1205522E+11
  0.1224100E+01  0.1267212E+11
  0.1229800E+01  0.1316943E+11
  0.1235500E+01  0.1354338E+11
  0.1241200E+01  0.1379140E+11
  0.1246900E+01  0.1391215E+11
  0.1252600E+01  0.1390552E+11
  0.1258300E+01  0.1377256E+11
  0.1264000E+01  0.1351549E+11
  0.1269700E+01  0.1313762E+11
  0.1275400E+01  0.1264331E+11
  0.1281100E+01  0.1203788E+11
  0.1286800E+01  0.1132756E+11
  0.1292500E+01  0.1051942E+11
  0.1298200E+01  0.9621248E+10
  0.1303900E+01  0.8641468E+10
  0.1309600E+01  0.7589071E+10
  0.1315300E+01  0.6473500E+10
  0.1321000E+01  0.5304553E+10
  0.1326700E+01  0.4092294E+10
  0.1332400E+01  0.2846949E+10
  0.1338100E+01  0.1578817E+10
  0.1343800E+01  0.2981765E+09
  0.1349500E+01 -0.9848023E+09
  0.1355200E+01 -0.2260140E+10
  0.1360900E+01 -0.3518128E+10
  0.1366600E+01 -0.4749400E+10
  0.1372300E+01 -0.5945003E+10
  0.1378000E+01 -0.7096453E+10
  0.1383700E+01 -0.8195794E+10
  0.1389400E+01 -0.9235644E+10
  0.1395100E+01 -0.1020923E+11
  0.1400800E+01 -0.1111044E+11
  0.1406500E+01 -0.1193383E+11
  0.1412200E+01 -0.1267464E+11
  0.1417900E+01 -0.1332882E+11
  0.1423600E+01 -0.1389306E+11
  0.1429300E+01 -0.1436473E+11
  0.1435000E+01 -0.1474192E+11
  0.1440700E+01 -0.1502343E+11
  0.1446400E+01 -0.1520872E+11
  0.1452100E+01 -0.1529792E+11
  0.1457800E+01 -0.1529179E+11
  0.1463500E+01 -0.1519168E+11
  0.1469200E+01 -0.1499954E+11
  0.1474900E+01 -0.1471781E+11
  0.1480600E+01 -0.1434948E+11
  0.1486300E+01 -0.1389794E+11
  0.1492000E+01 -0.1336702E+11
  0.1497700E+01 -0.1276092E+11
  0.1503400E+01 -0.1208415E+11
  0.1509100E+01 -0.1134152E+11
  0.1514800E+01 -0.1053805E+11
  0.1520500E+01 -0.9678967E+10
  0.1526200E+01 -0.8769650E+10
  0.1531900E+01 -0.7815576E+10
  0.1537600E+01 -0.6822294E+10
  0.1543300E+01 -0.5795376E+10
  0.1549000E+01 -0.4740389E+10
  0.1554700E+01 -0.3662851E+10
  0.1560400E+01 -0.2568205E+10
  0.1566100E+01 -0.1461787E+10
  0.1571800E+01 -0.3487926E+09
  0.1577500E+01  0.7657402E+09
  0.1583200E+01  0.1876960E+10
  0.1588900E+01  0.2980222E+10
  0.1594600E+01  0.4071103E+10
  0.1600300E+01  0.5145419E+10
  0.1606000E+01  0.6199239E+10
  0.1611700E+01  0.7228894E+10
  0.1617400E+01  0.8230985E+10
  0.1623100E+01  0.9202390E+10
  0.1628800E+01  0.1014027E+11
  0.1634500E+01  0.1104206E+11
  0.1640200E+01  0.1190548E+11
  0.1645900E+01  0.1272855E+11
  0.1651600E+01  0.1350952E+11
  0.1657300E+01  0.1424697E+11
  0.1663000E+01  0.1493969E+11
  0.1668700E+01  0.1558676E+11
  0.1674400E+01  0.1618750E+11
  0.1680100E+01  0.1674147E+11
  0.1685800E+01  0.1724844E+11
  0.1691500E+01  0.1770841E+11
  0.1697200E+01  0.1812159E+11
  0.1702900E+01  0.1848836E+11
  0.1708600E+01  0.1880931E+11
  0.1714300E+01  0.1908516E+11
  0.1720000E+01  0.1931679E+11
  0.1725700E+01  0.1950525E+11
  0.1731400E+01  0.1965167E+11
  0.1737100E+01  0.1975732E+11
  0.1742800E+01  0.1982356E+11
  0.1748500E+01  0.1985184E+11
  0.1754200E+01  0.1984369E+11
  0.1759900E+01  0.1980069E+11
  0.1765600E+01  0.1972447E+11
  0.1771300E+01  0.1961673E+11
  0.1777000E+01  0.1947916E+11
  0.1782700E+01  0.1931349E+11
  0.1788400E+01  0.1912147E+11
  0.1794100E+01  0.1890483E+11
  0.1799800E+01  0.1866532E+11
  0.1805500E+01  0.1840466E+11
  0.1811200E+01  0.1812454E+11
  0.1816900E+01  0.1782665E+11
  0.1822600E+01  0.1751264E+11
  0.1828300E+01  0.1718410E+11
  0.1834000E+01  0.1684260E+11
  0.1839700E+01  0.1648967E+11
  0.1845400E+01  0.1612676E+11
  0.1851100E+01  0.1575531E+11
  0.1856800E+01  0.1537667E+11
  0.1862500E+01  0.1499214E+11
  0.1868200E+01  0.1460297E+11
  0.1873900E+01  0.1421034E+11
  0.1879600E+01  0.1381539E+11
  0.1885300E+01  0.1341917E+11
  0.1891000E+01  0.1302268E+11
  0.1896700E+01  0.1262688E+11
  0.1902400E+01  0.1223262E+11
  0.1908100E+01  0.1184074E+11
  0.1913800E+01  0.1145200E+11
  0.1919500E+01  0.1106709E+11
  0.1925200E+01  0.1068666E+11
  0.1930900E+01  0.1031131E+11
  0.1936600E+01  0.9941554E+10
  0.1942300E+01  0.9577892E+10
  0.1948000E+01  0.9220753E+10
  0.1953700E+01  0.8870525E+10
  0.1959400E+01  0.8527545E+10
  0.1965100E+01  0.8192109E+10
  0.1970800E+01  0.7864472E+10
  0.1976500E+01  0.7544846E+10
  0.1982200E+01  0.7233408E+10
  0.1987900E+01  0.6930298E+10
  0.1993600E+01  0.6635623E+10
  0.1999300E+01  0.6349460E+10
  0.2005000E+01  0.6071853E+10
  0.2010700E+01  0.5802823E+10
  0.2016400E+01  0.5542364E+10
  0.2022100E+01  0.5290445E+10
  0.2027800E+01  0.5047015E+10
  0.2033500E+01  0.4812005E+10
  0.2039200E+01  0.4585325E+10
  0.2044900E+01  0.4366870E+10
  0.2050600E+01  0.4156521E+10
  0.2056300E+01  0.3954145E+10
  0.2062000E+01  0.3759598E+10
  0.2067700E+01  0.3572725E+10
  0.2073400E+01  0.3393363E+10
  0.2079100E+01  0.3221340E+10
  0.2084800E+01  0.3056478E+10
  0.2090500E+01  0.2898595E+10
  0.2096200E+01  0.2747502E+10
  0.2101900E+01  0.2603009E+10
  0.2107600E+01  0.2464922E+10
  0.2113300E+01  0.2333045E+10
  0.2119000E+01  0.2207182E+10
  0.2124700E+01  0.2087137E+10
  0.2130400E+01  0.1972713E+10
  0.2136100E+01  0.1863716E+10
  0.2141800E+01  0.1759951E+10
  0.2147500E+01  0.1661226E+10
  0.2153200E+01  0.1567353E+10
  0.2158900E+01  0.1478145E+10
  0.2164600E+01  0.1393419E+10
  0.2170300E+01  0.1312994E+10
  0.2176000E+01  0.1236695E+10
  0.2181700E+01  0.1164349E+10
  0.2187400E+01  0.1095788E+10
  0.2193100E+01  0.1030849E+10
  0.2198800E+01  0.9693721E+09
  0.2204500E+01  0.9112025E+09
  0.2210200E+01  0.8561900E+09
  0.2215900E+01  0.8041892E+09
  0.2221600E+01  0.7550591E+09
  0.2227300E+01  0.7086638E+09
  0.2233000E+01  0.6648717E+09
  0.2238700E+01  0.6235563E+09
  0.2244400E+01  0.5845953E+09
  0.2250100E+01  0.5478714E+09
  0.2255800E+01  0.5132716E+09
  0.2261500E+01  0.4806875E+09
  0.2267200E+01  0.4500152E+09
  0.2272900E+01  0.4211548E+09
  0.2278600E+01  0.3940109E+09
  0.2284300E+01  0.3684921E+09
  0.2290000E+01  0.3445111E+09
  0.2295700E+01  0.3219844E+09
  0.2301400E+01  0.3008323E+09
  0.2307100E+01  0.2809788E+09
  0.2312800E+01  0.2623517E+09
  0.2318500E+01  0.2448818E+09
  0.2324200E+01  0.2285036E+09
  0.2329900E+01  0.2131547E+09
  0.2335600E+01  0.1987758E+09
  0.2341300E+01  0.1853106E+09
  0.2347000E+01  0.1727055E+09
  0.2352700E+01  0.1609100E+09
  0.2358400E+01  0.1498759E+09
  0.2364100E+01  0.1395577E+09
  0.2369800E+01  0.1299124E+09
  0.2375500E+01  0.1208991E+09
  0.2381200E+01  0.1124794E+09
  0.2386900E+01  0.1046167E+09
  0.2392600E+01  0.9727663E+08
  0.2398300E+01  0.9042673E+08
  0.2404000E+01  0.8403633E+08
  0.2409700E+01  0.7807650E+08
  0.2415400E+01  0.7252001E+08
  0.2421100E+01  0.6734119E+08
  0.2426800E+01  0.6251585E+08
  0.2432500E+01  0.5802125E+08
  0.2438200E+01  0.5383599E+08
  0.2443900E+01  0.4993995E+08
  0.2449600E+01  0.4631422E+08
  0.2455300E+01  0.4294103E+08
  0.2461000E+01  0.3980370E+08
  0.2466700E+01  0.3688658E+08
  0.2472400E+01  0.3417498E+08
  0.2478100E+01  0.3165513E+08
  0.2483800E+01  0.2931412E+08
  0.2489500E+01  0.2713986E+08
  0.2495200E+01  0.2512102E+08
  0.2500900E+01  0.2324699E+08
  0.2506600E+01  0.2150785E+08
  0.2512300E+01  0.1989432E+08
  0.2518000E+01  0.1839771E+08
  0.2523700E+01  0.1700991E+08
  0.2529400E+01  0.1572334E+08
  0.2535100E+01  0.1453091E+08
  0.2540800E+01  0.1342601E+08
  0.2546500E+01  0.1240248E+08
  0.2552200E+01  0.1145455E+08
  0.2557900E+01  0.1057684E+08
  0.2563600E+01  0.9764365E+07
  0.2569300E+01  0.9012440E+07
  0.2575000E+01  0.8316721E+07
  0.2580700E+01  0.7673156E+07
  0.2586400E+01  0.7077972E+07
  0.2592100E+01  0.6527658E+07
  0.2597800E+01  0.6018947E+07
  0.2603500E+01  0.5548798E+07
  0.2609200E+01  0.5114385E+07
  0.2614900E+01  0.4713080E+07
  0.2620600E+01  0.4342439E+07
  0.2626300E+01  0.4000194E+07
  0.2632000E+01  0.3684237E+07
  0.2637700E+01  0.3392609E+07
  0.2643400E+01  0.3123493E+07
  0.2649100E+01  0.2875204E+07
  0.2654800E+01  0.2646175E+07
  0.2660500E+01  0.2434957E+07
  0.2666200E+01  0.2240203E+07
  0.2671900E+01  0.2060666E+07
  0.2677600E+01  0.1895188E+07
  0.2683300E+01  0.1742700E+07
  0.2689000E+01  0.1602208E+07
  0.2694700E+01  0.1472794E+07
  0.2700400E+01  0.1353607E+07
  0.2706100E+01  0.1243858E+07
  0.2711800E+01  0.1142821E+07
  0.2717500E+01  0.1049819E+07
  0.2723200E+01  0.9642305E+06
  0.2728900E+01  0.8854780E+06
  0.2734600E+01  0.8130286E+06
  0.2740300E+01  0.7463897E+06
  0.2746000E+01  0.6851061E+06
  0.2751700E+01  0.6287572E+06
  0.2757400E+01  0.5769546E+06
  0.2763100E+01  0.5293397E+06
  0.2768800E+01  0.4855814E+06
  0.2774500E+01  0.4453740E+06
  0.2780200E+01  0.4084355E+06
  0.2785900E+01  0.3745058E+06
  0.2791600E+01  0.3433449E+06
  0.2797300E+01  0.3147315E+06
  0.2803000E+01  0.2884614E+06
  0.2808700E+01  0.2643468E+06
  0.2814400E+01  0.2422140E+06
  0.2820100E+01  0.2219036E+06
  0.2825800E+01  0.2032682E+06
  0.2831500E+01  0.1861724E+06
  0.2837200E+01  0.1704914E+06
  0.2842900E+01  0.1561102E+06
  0.2848600E+01  0.1429230E+06
  0.2854300E+01  0.1308326E+06
  0.2860000E+01  0.1197493E+06
  0.2865700E+01  0.1095907E+06
  0.2871400E+01  0.1002810E+06
  0.2877100E+01  0.9175042E+05
  0.2882800E+01  0.8393493E+05
  0.2888500E+01  0.7677557E+05
  0.2894200E+01  0.7021816E+05
  0.2899900E+01  0.6421292E+05
  0.2905600E+01  0.5871409E+05
  0.2911300E+01  0.5367966E+05
  0.2917000E+01  0.4907102E+05
  0.2922700E+01  0.4485271E+05
  0.2928400E+01  0.4099219E+05
  0.2934100E+01  0.3745958E+05
  0.2939800E+01  0.3422742E+05
  0.2945500E+01  0.3127056E+05
  0.2951200E+01  0.2856588E+05
  0.2956900E+01  0.2609219E+05
  0.2962600E+01  0.2383004E+05
  0.2968300E+01  0.2176160E+05
  0.2974000E+01  0.1987051E+05
  0.2979700E+01  0.1814177E+05
  0.2985400E+01  0.1656165E+05
  0.2991100E+01  0.1511752E+05
  0.2996800E+01  0.1379785E+05
  0.3002500E+01  0.1259206E+05
  0.3008200E+01  0.1149043E+05
  0.3013900E+01  0.1048409E+05
  0.3019600E+01  0.9564907E+04
  0.3025300E+01  0.8725420E+04
  0.3031000E+01  0.7958808E+04
  0.3036700E+01  0.7258821E+04
  0.3042400E+01  0.6619741E+04
  0.3048100E+01  0.6036332E+04
  0.3053800E+01  0.5503801E+04
  0.3059500E+01  0.5017764E+04
  0.3065200E+01  0.4574208E+04
  0.3070900E+01  0.4169464E+04
  0.3076600E+01  0.3800174E+04
  0.3082300E+01  0.3463268E+04
  0.3088000E+01  0.3155936E+04
  0.3093700E+01  0.2875612E+04
  0.3099400E+01  0.2619949E+04
  0.3105100E+01  0.2386799E+04
  0.3110800E+01  0.2174202E+04
  0.3116500E+01  0.1980364E+04
  0.3122200E+01  0.1803649E+04
  0.3127900E+01  0.1642558E+04
  0.3133600E+01  0.1495725E+04
  0.3139300E+01  0.1361901E+04
  0.3145000E+01  0.1239944E+04
  0.3150700E+01  0.1128812E+04
  0.3156400E+01  0.1027554E+04
  0.3162100E+01  0.9353019E+03
  0.3167800E+01  0.8512613E+03
  0.3173500E+01  0.7747085E+03
  0.3179200E+01  0.7049827E+03
  0.3184900E+01  0.6414806E+03
  0.3190600E+01  0.5836519E+03
  0.3196300E+01  0.5309943E+03
  0.3202000E+01  0.4830495E+03
  0.3207700E+01  0.4393995E+03
  0.3213400E+01  0.3996629E+03
  0.3219100E+01  0.3634920E+03
  0.3224800E+01  0.3305695E+03
  0.3230500E+01  0.3006063E+03
  0.3236200E+01  0.2733384E+03
  0.3241900E+01  0.2485256E+03
  0.3247600E+01  0.2259486E+03
  0.3253300E+01  0.2054076E+03
  0.3259000E+01  0.1867205E+03
  0.3264700E+01  0.1697212E+03
  0.3270400E+01  0.1542586E+03
  0.3276100E+01  0.1401949E+03
  0.3281800E+01  0.1274044E+03
  0.3287500E+01  0.1157728E+03
  0.3293200E+01  0.1051958E+03
  0.3298900E+01  0.9557869E+02
  0.3304600E+01  0.8683487E+02
  0.3310300E+01  0.7888566E+02
  0.3316000E+01  0.7165938E+02
  0.3321700E+01  0.6509075E+02
  0.3327400E+01  0.5912036E+02
  0.3333100E+01  0.5369411E+02
  0.3338800E+01  0.4876276E+02
  0.3344500E+01  0.4428147E+02
  0.3350200E+01  0.4020947E+02
  0.3355900E+01  0.3650962E+02
  0.3361600E+01  0.3314814E+02
  0.3367300E+01  0.3009429E+02
  0.3373000E+01  0.2732011E+02
  0.3378700E+01  0.2480016E+02
  0.3384400E+01  0.2251128E+02
  0.3390100E+01  0.2043242E+02
  0.3395800E+01  0.1854444E+02
  0.3401500E+01  0.1682992E+02
  0.3407200E+01  0.1527303E+02
  0.3412900E+01  0.1385935E+02
  0.3418600E+01  0.1257581E+02
  0.3424300E+01  0.1141048E+02
  0.3430000E+01  0.1035255E+02
  0.3435700E+01  0.9392188E+01
  0.3441400E+01  0.8520437E+01
  0.3447100E+01  0.7729173E+01
  0.3452800E+01  0.7011007E+01
  0.3458500E+01  0.6359225E+01
  0.3464200E+01  0.5767727E+01
  0.3469900E+01  0.5230967E+01
  0.3475600E+01  0.4743908E+01
  0.3481300E+01  0.4301974E+01
  0.3487000E+01  0.3901006E+01
  0.3492700E+01  0.3537228E+01
  0.3498400E+01  0.3207209E+01
  0.3504100E+01  0.2907833E+01
  0.3509800E+01  0.2636269E+01
  0.3515500E+01  0.2389947E+01
  0.3521200E+01  0.2166532E+01
  0.3526900E+01  0.1963907E+01
  0.3532600E+01  0.1780145E+01
  0.3538300E+01  0.1613499E+01
  0.3544000E+01  0.1462384E+01
  0.3549700E+01  0.1325358E+01
  0.3555400E+01  0.1201115E+01
  0.3561100E+01  0.1088468E+01
  0.3566800E+01  0.9863400E+00
  0.3572500E+01  0.8937530E+00
  0.3578200E+01  0.8098201E+00
  0.3583900E+01  0.7337361E+00
  0.3589600E+01  0.6647705E+00
  0.3595300E+01  0.6022602E+00
  0.3601000E+01  0.5456038E+00
  0.3606700E+01  0.4942555E+00
  0.3612400E+01  0.4477203E+00
  0.3618100E+01  0.4055489E+00
  0.3623800E+01  0.3673339E+00
  0.3629500E+01  0.3327058E+00
  0.3635200E+01  0.3013294E+00
  0.3640900E+01  0.2729005E+00
  0.3646600E+01  0.2471434E+00
  0.3652300E+01  0.2238082E+00
  0.3658000E+01  0.2026679E+00
  0.3663700E+01  0.1835170E+00
  0.3669400E+01  0.1661691E+00
  0.3675100E+01  0.1504550E+00
  0.3680800E+01  0.1362215E+00
  0.3686500E+01  0.1233296E+00
  0.3692200E+01  0.1116535E+00
  0.3697900E+01  0.1010787E+00
  0.3703600E+01  0.9150196E-01
  0.3709300E+01  0.8282930E-01
  0.3715000E+01  0.7497572E-01
  0.3720700E+01  0.6786414E-01
  0.3726400E+01  0.6142470E-01
  0.3732100E+01  0.5559410E-01
  0.3737800E+01  0.5031496E-01
  0.3743500E+01  0.4553530E-01
  0.3749200E+01  0.4120801E-01
  0.3754900E+01  0.3729041E-01
  0.3760600E+01  0.3374382E-01
  0.3766300E+01  0.3053320E-01
  0.3772000E+01  0.2762681E-01
  0.3777700E+01  0.2499590E-01
  0.3783400E+01  0.2261439E-01
  0.3789100E+01  0.2045870E-01
  0.3794800E+01  0.1850744E-01
  0.3800500E+01  0.1674123E-01
  0.3806200E+01  0.1514255E-01
  0.3811900E+01  0.1369549E-01
  0.3817600E+01  0.1238565E-01
  0.3823300E+01  0.1120000E-01
  0.3829000E+01  0.1012673E-01
  0.3834700E+01  0.9155128E-02
  0.3840400E+01  0.8275505E-02
  0.3846100E+01  0.7479078E-02
  0.3851800E+01  0.6757888E-02
  0.3857500E+01  0.6104723E-02
  0.3863200E+01  0.5513049E-02
  0.3868900E+01  0.4976941E-02
  0.3874600E+01  0.4491026E-02
  0.3880300E+01  0.4050432E-02
  0.3886000E+01  0.3650738E-02
  0.3891700E+01  0.3287931E-02
  0.3897400E+01  0.2958365E-02
  0.3903100E+01  0.2658725E-02
  0.3908800E+01  0.2385998E-02
  0.3914500E+01  0.2137435E-02
  0.3920200E+01  0.1910534E-02
  0.3925900E+01  0.1703005E-02
  0.3931600E+01  0.1512754E-02
  0.3937300E+01  0.1337859E-02
  0.3943000E+01  0.1176554E-02
  0.3948700E+01  0.1027205E-02
  0.3954400E+01  0.8883022E-03
  0.3960100E+01  0.7584367E-03
  0.3965800E+01  0.6362919E-03
  0.3971500E+01  0.5206279E-03
  0.3977200E+01  0.4102695E-03
  0.3982900E+01  0.3040942E-03
  0.3988600E+01  0.2010212E-03
  0.3994300E+01  0.1000000E-03
  0.4000000E+01  0.0000000E+00
