  0.1000000E-01  0.0000000E+00
  0.1570000E-01  0.1521410E-11
  0.2140000E-01  0.3296757E-11
  0.2710000E-01  0.5609230E-11
  0.3280000E-01  0.8813666E-11
  0.3850000E-01  0.1338581E-10
  0.4420000E-01  0.1998474E-10
  0.4990000E-01  0.2953579E-10
  0.5560000E-01  0.4334265E-10
  0.6130000E-01  0.6324047E-10
  0.6700000E-01  0.9180451E-10
  0.7270000E-01  0.1326343E-09
  0.7840000E-01  0.1907388E-09
  0.8410000E-01  0.2730557E-09
  0.8980000E-01  0.3891499E-09
  0.9550000E-01  0.5521451E-09
  0.1012000E+00  0.7799633E-09
  0.1069000E+00  0.1096964E-08
  0.1126000E+00  0.1536099E-08
  0.1183000E+00  0.2141736E-08
  0.1240000E+00  0.2973332E-08
  0.1297000E+00  0.4110192E-08
  0.1354000E+00  0.5657601E-08
  0.1411000E+00  0.7754686E-08
  0.1468000E+00  0.1058444E-07
  0.1525000E+00  0.1438644E-07
  0.1582000E+00  0.1947286E-07
  0.1639000E+00  0.2624866E-07
  0.1696000E+00  0.3523666E-07
  0.1753000E+00  0.4710877E-07
  0.1810000E+00  0.6272448E-07
  0.1867000E+00  0.8317822E-07
  0.1924000E+00  0.1098571E-06
  0.1981000E+00  0.1445110E-06
  0.2038000E+00  0.1893374E-06
  0.2095000E+00  0.2470830E-06
  0.2152000E+00  0.3211647E-06
  0.2209000E+00  0.4158142E-06
  0.2266000E+00  0.5362469E-06
  0.2323000E+00  0.6888610E-06
  0.2380000E+00  0.8814684E-06
  0.2437000E+00  0.1123562E-05
  0.2494000E+00  0.1426624E-05
  0.2551000E+00  0.1804473E-05
  0.2608000E+00  0.2273662E-05
  0.2665000E+00  0.2853920E-05
  0.2722000E+00  0.3568650E-05
  0.2779000E+00  0.4445472E-05
  0.2836000E+00  0.5516818E-05
  0.2893000E+00  0.6820578E-05
  0.2950000E+00  0.8400790E-05
  0.3007000E+00  0.1030837E-04
  0.3064000E+00  0.1260185E-04
  0.3121000E+00  0.1534818E-04
  0.3178000E+00  0.1862351E-04
  0.3235000E+00  0.2251390E-04
  0.3292000E+00  0.2711610E-04
  0.3349000E+00  0.3253819E-04
  0.3406000E+00  0.3890012E-04
  0.3463000E+00  0.4633417E-04
  0.3520000E+00  0.5498517E-04
  0.3577000E+00  0.6501058E-04
  0.3634000E+00  0.7658026E-04
  0.3691000E+00  0.8987593E-04
  0.3748000E+00  0.1050903E-03
  0.3805000E+00  0.1224258E-03
  0.3862000E+00  0.1420928E-03
  0.3919000E+00  0.1643073E-03
  0.3976000E+00  0.1892883E-03
  0.4033000E+00  0.2172543E-03
  0.4090000E+00  0.2484194E-03
  0.4147000E+00  0.2829886E-03
  0.4204000E+00  0.3211528E-03
  0.4261000E+00  0.3630829E-03
  0.4318000E+00  0.4089233E-03
  0.4375000E+00  0.4587854E-03
  0.4432000E+00  0.5127402E-03
  0.4489000E+00  0.5708107E-03
  0.4546000E+00  0.6329643E-03
  0.4603000E+00  0.6991049E-03
  0.4660000E+00  0.7690656E-03
  0.4717000E+00  0.8426010E-03
  0.4774000E+00  0.9193812E-03
  0.4831000E+00  0.9989857E-03
  0.4888000E+00  0.1080899E-02
  0.4945000E+00  0.1164506E-02
  0.5002000E+00  0.1249093E-02
  0.5059000E+00  0.1333844E-02
  0.5116000E+00  0.1417848E-02
  0.5173000E+00  0.1500098E-02
  0.5230000E+00  0.1579502E-02
  0.5287000E+00  0.1654892E-02
  0.5344000E+00  0.1725035E-02
  0.5401000E+00  0.1788650E-02
  0.5458000E+00  0.1844426E-02
  0.5515000E+00  0.1891040E-02
  0.5572000E+00  0.1927182E-02
  0.5629000E+00  0.1951583E-02
  0.5686000E+00  0.1963034E-02
  0.5743000E+00  0.1960423E-02
  0.5800000E+00  0.1942760E-02
  0.5857000E+00  0.1909203E-02
  0.5914000E+00  0.1859093E-02
  0.5971000E+00  0.1791980E-02
  0.6028000E+00  0.1707644E-02
  0.6085000E+00  0.1606123E-02
  0.6142000E+00  0.1487733E-02
  0.6199000E+00  0.1353079E-02
  0.6256000E+00  0.1203069E-02
  0.6313000E+00  0.1038916E-02
  0.6370000E+00  0.8621392E-03
  0.6427000E+00  0.6745563E-03
  0.6484000E+00  0.4782660E-03
  0.6541000E+00  0.2756283E-03
  0.6598000E+00  0.6923538E-04
  0.6655000E+00 -0.1381246E-03
  0.6712000E+00 -0.3435093E-03
  0.6769000E+00 -0.5438703E-03
  0.6826000E+00 -0.7361064E-03
  0.6883000E+00 -0.9171214E-03
  0.6940000E+00 -0.1083884E-02
  0.6997000E+00 -0.1233493E-02
  0.7054000E+00 -0.1363235E-02
  0.7111000E+00 -0.1470654E-02
  0.7168000E+00 -0.1553607E-02
  0.7225000E+00 -0.1610319E-02
  0.7282000E+00 -0.1639438E-02
  0.7339000E+00 -0.1640077E-02
  0.7396000E+00 -0.1611846E-02
  0.7453000E+00 -0.1554887E-02
  0.7510000E+00 -0.1469879E-02
  0.7567000E+00 -0.1358052E-02
  0.7624000E+00 -0.1221175E-02
  0.7681000E+00 -0.1061536E-02
  0.7738000E+00 -0.8819134E-03
  0.7795000E+00 -0.6855298E-03
  0.7852000E+00 -0.4759991E-03
  0.7909000E+00 -0.2572604E-03
  0.7966000E+00 -0.3350380E-04
  0.8023000E+00  0.1909114E-03
  0.8080000E+00  0.4115452E-03
  0.8137000E+00  0.6239691E-03
  0.8194000E+00  0.8238604E-03
  0.8251000E+00  0.1007097E-02
  0.8308000E+00  0.1169848E-02
  0.8365000E+00  0.1308663E-02
  0.8422000E+00  0.1420553E-02
  0.8479000E+00  0.1503061E-02
  0.8536000E+00  0.1554324E-02
  0.8593000E+00  0.1573123E-02
  0.8650000E+00  0.1558918E-02
  0.8707000E+00  0.1511868E-02
  0.8764000E+00  0.1432836E-02
  0.8821000E+00  0.1323380E-02
  0.8878000E+00  0.1185724E-02
  0.8935000E+00  0.1022718E-02
  0.8992000E+00  0.8377790E-03
  0.9049000E+00  0.6348204E-03
  0.9106000E+00  0.4181708E-03
  0.9163000E+00  0.1924800E-03
  0.9220000E+00 -0.3738210E-04
  0.9277000E+00 -0.2664323E-03
  0.9334000E+00 -0.4896850E-03
  0.9391000E+00 -0.7022630E-03
  0.9448000E+00 -0.8995078E-03
  0.9505000E+00 -0.1077084E-02
  0.9562000E+00 -0.1231079E-02
  0.9619000E+00 -0.1358089E-02
  0.9676000E+00 -0.1455302E-02
  0.9733000E+00 -0.1520558E-02
  0.9790000E+00 -0.1552402E-02
  0.9847000E+00 -0.1550113E-02
  0.9904000E+00 -0.1513730E-02
  0.9961000E+00 -0.1444041E-02
  0.1001800E+01 -0.1342577E-02
  0.1007500E+01 -0.1211569E-02
  0.1013200E+01 -0.1053902E-02
  0.1018900E+01 -0.8730512E-03
  0.1024600E+01 -0.6730013E-03
  0.1030300E+01 -0.4581583E-03
  0.1036000E+01 -0.2332504E-03
  0.1041700E+01 -0.3221914E-05
  0.1047400E+01  0.2268773E-03
  0.1053100E+01  0.4520041E-03
  0.1058800E+01  0.6672347E-03
  0.1064500E+01  0.8678726E-03
  0.1070200E+01  0.1049553E-02
  0.1075900E+01  0.1208336E-02
  0.1081600E+01  0.1340795E-02
  0.1087300E+01  0.1444088E-02
  0.1093000E+01  0.1516017E-02
  0.1098700E+01  0.1555075E-02
  0.1104400E+01  0.1560474E-02
  0.1110100E+01  0.1532159E-02
  0.1115800E+01  0.1470806E-02
  0.1121500E+01  0.1377801E-02
  0.1127200E+01  0.1255207E-02
  0.1132900E+01  0.1105715E-02
  0.1138600E+01  0.9325831E-03
  0.1144300E+01  0.7395576E-03
  0.1150000E+01  0.5307942E-03
  0.1155700E+01  0.3107633E-03
  0.1161400E+01  0.8415229E-04
  0.1167100E+01 -0.1442359E-03
  0.1172800E+01 -0.3695862E-03
  0.1178500E+01 -0.5871735E-03
  0.1184200E+01 -0.7924623E-03
  0.1189900E+01 -0.9812005E-03
  0.1195600E+01 -0.1149507E-02
  0.1201300E+01 -0.1293947E-02
  0.1207000E+01 -0.1411607E-02
  0.1212700E+01 -0.1500141E-02
  0.1218400E+01 -0.1557822E-02
  0.1224100E+01 -0.1583567E-02
  0.1229800E+01 -0.1576955E-02
  0.1235500E+01 -0.1538231E-02
  0.1241200E+01 -0.1468289E-02
  0.1246900E+01 -0.1368653E-02
  0.1252600E+01 -0.1241434E-02
  0.1258300E+01 -0.1089287E-02
  0.1264000E+01 -0.9153459E-03
  0.1269700E+01 -0.7231581E-03
  0.1275400E+01 -0.5166086E-03
  0.1281100E+01 -0.2998382E-03
  0.1286800E+01 -0.7715839E-04
  0.1292500E+01  0.1470362E-03
  0.1298200E+01  0.3683555E-03
  0.1303900E+01  0.5825001E-03
  0.1309600E+01  0.7853446E-03
  0.1315300E+01  0.9730157E-03
  0.1321000E+01  0.1141965E-02
  0.1326700E+01  0.1289032E-02
  0.1332400E+01  0.1411504E-02
  0.1338100E+01  0.1507156E-02
  0.1343800E+01  0.1574295E-02
  0.1349500E+01  0.1611778E-02
  0.1355200E+01  0.1619032E-02
  0.1360900E+01  0.1596055E-02
  0.1366600E+01  0.1543408E-02
  0.1372300E+01  0.1462197E-02
  0.1378000E+01  0.1354048E-02
  0.1383700E+01  0.1221068E-02
  0.1389400E+01  0.1065796E-02
  0.1395100E+01  0.8911590E-03
  0.1400800E+01  0.7004044E-03
  0.1406500E+01  0.4970419E-03
  0.1412200E+01  0.2847746E-03
  0.1417900E+01  0.6742966E-04
  0.1423600E+01 -0.1511118E-03
  0.1429300E+01 -0.3669848E-03
  0.1435000E+01 -0.5764087E-03
  0.1440700E+01 -0.7757531E-03
  0.1446400E+01 -0.9615988E-03
  0.1452100E+01 -0.1130795E-02
  0.1457800E+01 -0.1280510E-02
  0.1463500E+01 -0.1408275E-02
  0.1469200E+01 -0.1512023E-02
  0.1474900E+01 -0.1590115E-02
  0.1480600E+01 -0.1641363E-02
  0.1486300E+01 -0.1665046E-02
  0.1492000E+01 -0.1660910E-02
  0.1497700E+01 -0.1629168E-02
  0.1503400E+01 -0.1570490E-02
  0.1509100E+01 -0.1485982E-02
  0.1514800E+01 -0.1377163E-02
  0.1520500E+01 -0.1245934E-02
  0.1526200E+01 -0.1094537E-02
  0.1531900E+01 -0.9255184E-03
  0.1537600E+01 -0.7416797E-03
  0.1543300E+01 -0.5460288E-03
  0.1549000E+01 -0.3417289E-03
  0.1554700E+01 -0.1320458E-03
  0.1560400E+01  0.7970608E-04
  0.1566100E+01  0.2902161E-03
  0.1571800E+01  0.4962295E-03
  0.1577500E+01  0.6945969E-03
  0.1583200E+01  0.8823216E-03
  0.1588900E+01  0.1056603E-02
  0.1594600E+01  0.1214876E-02
  0.1600300E+01  0.1354848E-02
  0.1606000E+01  0.1474524E-02
  0.1611700E+01  0.1572239E-02
  0.1617400E+01  0.1646669E-02
  0.1623100E+01  0.1696854E-02
  0.1628800E+01  0.1722198E-02
  0.1634500E+01  0.1722476E-02
  0.1640200E+01  0.1697828E-02
  0.1645900E+01  0.1648754E-02
  0.1651600E+01  0.1576100E-02
  0.1657300E+01  0.1481035E-02
  0.1663000E+01  0.1365036E-02
  0.1668700E+01  0.1229855E-02
  0.1674400E+01  0.1077495E-02
  0.1680100E+01  0.9101735E-03
  0.1685800E+01  0.7302883E-03
  0.1691500E+01  0.5403830E-03
  0.1697200E+01  0.3431077E-03
  0.1702900E+01  0.1411809E-03
  0.1708600E+01 -0.6264837E-04
  0.1714300E+01 -0.2656385E-03
  0.1720000E+01 -0.4650923E-03
  0.1725700E+01 -0.6583921E-03
  0.1731400E+01 -0.8430334E-03
  0.1737100E+01 -0.1016655E-02
  0.1742800E+01 -0.1177070E-02
  0.1748500E+01 -0.1322288E-02
  0.1754200E+01 -0.1450539E-02
  0.1759900E+01 -0.1560292E-02
  0.1765600E+01 -0.1650271E-02
  0.1771300E+01 -0.1719465E-02
  0.1777000E+01 -0.1767138E-02
  0.1782700E+01 -0.1792830E-02
  0.1788400E+01 -0.1796361E-02
  0.1794100E+01 -0.1777827E-02
  0.1799800E+01 -0.1737592E-02
  0.1805500E+01 -0.1676281E-02
  0.1811200E+01 -0.1594766E-02
  0.1816900E+01 -0.1494151E-02
  0.1822600E+01 -0.1375755E-02
  0.1828300E+01 -0.1241089E-02
  0.1834000E+01 -0.1091840E-02
  0.1839700E+01 -0.9298444E-03
  0.1845400E+01 -0.7570615E-03
  0.1851100E+01 -0.5755523E-03
  0.1856800E+01 -0.3874517E-03
  0.1862500E+01 -0.1949423E-03
  0.1868200E+01 -0.2290083E-06
  0.1873900E+01  0.1944869E-03
  0.1879600E+01  0.3870323E-03
  0.1885300E+01  0.5752864E-03
  0.1891000E+01  0.7572032E-03
  0.1896700E+01  0.9308330E-03
  0.1902400E+01  0.1094342E-02
  0.1908100E+01  0.1246030E-02
  0.1913800E+01  0.1384346E-02
  0.1919500E+01  0.1507903E-02
  0.1925200E+01  0.1615490E-02
  0.1930900E+01  0.1706079E-02
  0.1936600E+01  0.1778835E-02
  0.1942300E+01  0.1833120E-02
  0.1948000E+01  0.1868497E-02
  0.1953700E+01  0.1884728E-02
  0.1959400E+01  0.1881774E-02
  0.1965100E+01  0.1859793E-02
  0.1970800E+01  0.1819132E-02
  0.1976500E+01  0.1760320E-02
  0.1982200E+01  0.1684062E-02
  0.1987900E+01  0.1591224E-02
  0.1993600E+01  0.1482827E-02
  0.1999300E+01  0.1360025E-02
  0.2005000E+01  0.1224102E-02
  0.2010700E+01  0.1076447E-02
  0.2016400E+01  0.9185453E-03
  0.2022100E+01  0.7519585E-03
  0.2027800E+01  0.5783098E-03
  0.2033500E+01  0.3992666E-03
  0.2039200E+01  0.2165242E-03
  0.2044900E+01  0.3178928E-04
  0.2050600E+01 -0.1532362E-03
  0.2056300E+01 -0.3368706E-03
  0.2062000E+01 -0.5174677E-03
  0.2067700E+01 -0.6934309E-03
  0.2073400E+01 -0.8632268E-03
  0.2079100E+01 -0.1025398E-02
  0.2084800E+01 -0.1178572E-02
  0.2090500E+01 -0.1321478E-02
  0.2096200E+01 -0.1452949E-02
  0.2101900E+01 -0.1571933E-02
  0.2107600E+01 -0.1677500E-02
  0.2113300E+01 -0.1768848E-02
  0.2119000E+01 -0.1845305E-02
  0.2124700E+01 -0.1906334E-02
  0.2130400E+01 -0.1951535E-02
  0.2136100E+01 -0.1980646E-02
  0.2141800E+01 -0.1993537E-02
  0.2147500E+01 -0.1990217E-02
  0.2153200E+01 -0.1970824E-02
  0.2158900E+01 -0.1935626E-02
  0.2164600E+01 -0.1885012E-02
  0.2170300E+01 -0.1819489E-02
  0.2176000E+01 -0.1739676E-02
  0.2181700E+01 -0.1646294E-02
  0.2187400E+01 -0.1540162E-02
  0.2193100E+01 -0.1422184E-02
  0.2198800E+01 -0.1293344E-02
  0.2204500E+01 -0.1154695E-02
  0.2210200E+01 -0.1007349E-02
  0.2215900E+01 -0.8524699E-03
  0.2221600E+01 -0.6912599E-03
  0.2227300E+01 -0.5249524E-03
  0.2233000E+01 -0.3548009E-03
  0.2238700E+01 -0.1820695E-03
  0.2244400E+01 -0.8023501E-05
  0.2250100E+01  0.1660800E-03
  0.2255800E+01  0.3390012E-03
  0.2261500E+01  0.5095260E-03
  0.2267200E+01  0.6764743E-03
  0.2272900E+01  0.8387079E-03
  0.2278600E+01  0.9951372E-03
  0.2284300E+01  0.1144728E-02
  0.2290000E+01  0.1286509E-02
  0.2295700E+01  0.1419574E-02
  0.2301400E+01  0.1543089E-02
  0.2307100E+01  0.1656298E-02
  0.2312800E+01  0.1758522E-02
  0.2318500E+01  0.1849167E-02
  0.2324200E+01  0.1927722E-02
  0.2329900E+01  0.1993762E-02
  0.2335600E+01  0.2046952E-02
  0.2341300E+01  0.2087041E-02
  0.2347000E+01  0.2113870E-02
  0.2352700E+01  0.2127362E-02
  0.2358400E+01  0.2127528E-02
  0.2364100E+01  0.2114462E-02
  0.2369800E+01  0.2088340E-02
  0.2375500E+01  0.2049415E-02
  0.2381200E+01  0.1998014E-02
  0.2386900E+01  0.1934539E-02
  0.2392600E+01  0.1859455E-02
  0.2398300E+01  0.1773294E-02
  0.2404000E+01  0.1676645E-02
  0.2409700E+01  0.1570150E-02
  0.2415400E+01  0.1454500E-02
  0.2421100E+01  0.1330431E-02
  0.2426800E+01  0.1198716E-02
  0.2432500E+01  0.1060161E-02
  0.2438200E+01  0.9156016E-03
  0.2443900E+01  0.7658925E-03
  0.2449600E+01  0.6119070E-03
  0.2455300E+01  0.4545295E-03
  0.2461000E+01  0.2946506E-03
  0.2466700E+01  0.1331617E-03
  0.2472400E+01 -0.2904944E-04
  0.2478100E+01 -0.1911042E-03
  0.2483800E+01 -0.3521372E-03
  0.2489500E+01 -0.5113011E-03
  0.2495200E+01 -0.6677706E-03
  0.2500900E+01 -0.8207468E-03
  0.2506600E+01 -0.9694601E-03
  0.2512300E+01 -0.1113175E-02
  0.2518000E+01 -0.1251191E-02
  0.2523700E+01 -0.1382849E-02
  0.2529400E+01 -0.1507531E-02
  0.2535100E+01 -0.1624662E-02
  0.2540800E+01 -0.1733715E-02
  0.2546500E+01 -0.1834210E-02
  0.2552200E+01 -0.1925716E-02
  0.2557900E+01 -0.2007854E-02
  0.2563600E+01 -0.2080295E-02
  0.2569300E+01 -0.2142762E-02
  0.2575000E+01 -0.2195030E-02
  0.2580700E+01 -0.2236926E-02
  0.2586400E+01 -0.2268329E-02
  0.2592100E+01 -0.2289169E-02
  0.2597800E+01 -0.2299426E-02
  0.2603500E+01 -0.2299131E-02
  0.2609200E+01 -0.2288361E-02
  0.2614900E+01 -0.2267242E-02
  0.2620600E+01 -0.2235943E-02
  0.2626300E+01 -0.2194678E-02
  0.2632000E+01 -0.2143703E-02
  0.2637700E+01 -0.2083311E-02
  0.2643400E+01 -0.2013836E-02
  0.2649100E+01 -0.1935643E-02
  0.2654800E+01 -0.1849133E-02
  0.2660500E+01 -0.1754735E-02
  0.2666200E+01 -0.1652907E-02
  0.2671900E+01 -0.1544130E-02
  0.2677600E+01 -0.1428910E-02
  0.2683300E+01 -0.1307770E-02
  0.2689000E+01 -0.1181253E-02
  0.2694700E+01 -0.1049913E-02
  0.2700400E+01 -0.9143191E-03
  0.2706100E+01 -0.7750469E-03
  0.2711800E+01 -0.6326796E-03
  0.2717500E+01 -0.4878043E-03
  0.2723200E+01 -0.3410093E-03
  0.2728900E+01 -0.1928823E-03
  0.2734600E+01 -0.4400734E-04
  0.2740300E+01  0.1050370E-03
  0.2746000E+01  0.2536801E-03
  0.2751700E+01  0.4013608E-03
  0.2757400E+01  0.5475302E-03
  0.2763100E+01  0.6916530E-03
  0.2768800E+01  0.8332094E-03
  0.2774500E+01  0.9716967E-03
  0.2780200E+01  0.1106631E-02
  0.2785900E+01  0.1237549E-02
  0.2791600E+01  0.1364008E-02
  0.2797300E+01  0.1485589E-02
  0.2803000E+01  0.1601895E-02
  0.2808700E+01  0.1712555E-02
  0.2814400E+01  0.1817224E-02
  0.2820100E+01  0.1915583E-02
  0.2825800E+01  0.2007337E-02
  0.2831500E+01  0.2092223E-02
  0.2837200E+01  0.2170001E-02
  0.2842900E+01  0.2240461E-02
  0.2848600E+01  0.2303423E-02
  0.2854300E+01  0.2358730E-02
  0.2860000E+01  0.2406258E-02
  0.2865700E+01  0.2445907E-02
  0.2871400E+01  0.2477607E-02
  0.2877100E+01  0.2501313E-02
  0.2882800E+01  0.2517008E-02
  0.2888500E+01  0.2524702E-02
  0.2894200E+01  0.2524428E-02
  0.2899900E+01  0.2516247E-02
  0.2905600E+01  0.2500241E-02
  0.2911300E+01  0.2476518E-02
  0.2917000E+01  0.2445206E-02
  0.2922700E+01  0.2406457E-02
  0.2928400E+01  0.2360442E-02
  0.2934100E+01  0.2307353E-02
  0.2939800E+01  0.2247399E-02
  0.2945500E+01  0.2180808E-02
  0.2951200E+01  0.2107825E-02
  0.2956900E+01  0.2028707E-02
  0.2962600E+01  0.1943729E-02
  0.2968300E+01  0.1853178E-02
  0.2974000E+01  0.1757352E-02
  0.2979700E+01  0.1656560E-02
  0.2985400E+01  0.1551122E-02
  0.2991100E+01  0.1441366E-02
  0.2996800E+01  0.1327627E-02
  0.3002500E+01  0.1210245E-02
  0.3008200E+01  0.1089567E-02
  0.3013900E+01  0.9659438E-03
  0.3019600E+01  0.8397287E-03
  0.3025300E+01  0.7112768E-03
  0.3031000E+01  0.5809441E-03
  0.3036700E+01  0.4490866E-03
  0.3042400E+01  0.3160590E-03
  0.3048100E+01  0.1822140E-03
  0.3053800E+01  0.4790110E-04
  0.3059500E+01 -0.8653384E-04
  0.3065200E+01 -0.2207499E-03
  0.3070900E+01 -0.3544115E-03
  0.3076600E+01 -0.4871897E-03
  0.3082300E+01 -0.6187622E-03
  0.3088000E+01 -0.7488148E-03
  0.3093700E+01 -0.8770414E-03
  0.3099400E+01 -0.1003145E-02
  0.3105100E+01 -0.1126838E-02
  0.3110800E+01 -0.1247844E-02
  0.3116500E+01 -0.1365895E-02
  0.3122200E+01 -0.1480736E-02
  0.3127900E+01 -0.1592122E-02
  0.3133600E+01 -0.1699820E-02
  0.3139300E+01 -0.1803611E-02
  0.3145000E+01 -0.1903285E-02
  0.3150700E+01 -0.1998647E-02
  0.3156400E+01 -0.2089514E-02
  0.3162100E+01 -0.2175717E-02
  0.3167800E+01 -0.2257097E-02
  0.3173500E+01 -0.2333513E-02
  0.3179200E+01 -0.2404832E-02
  0.3184900E+01 -0.2470938E-02
  0.3190600E+01 -0.2531726E-02
  0.3196300E+01 -0.2587106E-02
  0.3202000E+01 -0.2637000E-02
  0.3207700E+01 -0.2681342E-02
  0.3213400E+01 -0.2720081E-02
  0.3219100E+01 -0.2753177E-02
  0.3224800E+01 -0.2780603E-02
  0.3230500E+01 -0.2802344E-02
  0.3236200E+01 -0.2818399E-02
  0.3241900E+01 -0.2828776E-02
  0.3247600E+01 -0.2833496E-02
  0.3253300E+01 -0.2832590E-02
  0.3259000E+01 -0.2826102E-02
  0.3264700E+01 -0.2814084E-02
  0.3270400E+01 -0.2796601E-02
  0.3276100E+01 -0.2773727E-02
  0.3281800E+01 -0.2745543E-02
  0.3287500E+01 -0.2712143E-02
  0.3293200E+01 -0.2673627E-02
  0.3298900E+01 -0.2630105E-02
  0.3304600E+01 -0.2581694E-02
  0.3310300E+01 -0.2528519E-02
  0.3316000E+01 -0.2470712E-02
  0.3321700E+01 -0.2408412E-02
  0.3327400E+01 -0.2341763E-02
  0.3333100E+01 -0.2270918E-02
  0.3338800E+01 -0.2196032E-02
  0.3344500E+01 -0.2117268E-02
  0.3350200E+01 -0.2034790E-02
  0.3355900E+01 -0.1948771E-02
  0.3361600E+01 -0.1859384E-02
  0.3367300E+01 -0.1766807E-02
  0.3373000E+01 -0.1671221E-02
  0.3378700E+01 -0.1572810E-02
  0.3384400E+01 -0.1471758E-02
  0.3390100E+01 -0.1368253E-02
  0.3395800E+01 -0.1262485E-02
  0.3401500E+01 -0.1154644E-02
  0.3407200E+01 -0.1044920E-02
  0.3412900E+01 -0.9335046E-03
  0.3418600E+01 -0.8205891E-03
  0.3424300E+01 -0.7063643E-03
  0.3430000E+01 -0.5910208E-03
  0.3435700E+01 -0.4747480E-03
  0.3441400E+01 -0.3577340E-03
  0.3447100E+01 -0.2401656E-03
  0.3452800E+01 -0.1222276E-03
  0.3458500E+01 -0.4102998E-05
  0.3464200E+01  0.1140279E-03
  0.3469900E+01  0.2319871E-03
  0.3475600E+01  0.3495995E-03
  0.3481300E+01  0.4666931E-03
  0.3487000E+01  0.5830990E-03
  0.3492700E+01  0.6986521E-03
  0.3498400E+01  0.8131904E-03
  0.3504100E+01  0.9265563E-03
  0.3509800E+01  0.1038596E-02
  0.3515500E+01  0.1149159E-02
  0.3521200E+01  0.1258101E-02
  0.3526900E+01  0.1365281E-02
  0.3532600E+01  0.1470561E-02
  0.3538300E+01  0.1573811E-02
  0.3544000E+01  0.1674903E-02
  0.3549700E+01  0.1773715E-02
  0.3555400E+01  0.1870130E-02
  0.3561100E+01  0.1964035E-02
  0.3566800E+01  0.2055324E-02
  0.3572500E+01  0.2143894E-02
  0.3578200E+01  0.2229649E-02
  0.3583900E+01  0.2312496E-02
  0.3589600E+01  0.2392349E-02
  0.3595300E+01  0.2469127E-02
  0.3601000E+01  0.2542753E-02
  0.3606700E+01  0.2613158E-02
  0.3612400E+01  0.2680274E-02
  0.3618100E+01  0.2744042E-02
  0.3623800E+01  0.2804406E-02
  0.3629500E+01  0.2861317E-02
  0.3635200E+01  0.2914728E-02
  0.3640900E+01  0.2964601E-02
  0.3646600E+01  0.3010899E-02
  0.3652300E+01  0.3053593E-02
  0.3658000E+01  0.3092658E-02
  0.3663700E+01  0.3128072E-02
  0.3669400E+01  0.3159821E-02
  0.3675100E+01  0.3187894E-02
  0.3680800E+01  0.3212283E-02
  0.3686500E+01  0.3232987E-02
  0.3692200E+01  0.3250008E-02
  0.3697900E+01  0.3263353E-02
  0.3703600E+01  0.3273033E-02
  0.3709300E+01  0.3279063E-02
  0.3715000E+01  0.3281461E-02
  0.3720700E+01  0.3280251E-02
  0.3726400E+01  0.3275459E-02
  0.3732100E+01  0.3267116E-02
  0.3737800E+01  0.3255256E-02
  0.3743500E+01  0.3239915E-02
  0.3749200E+01  0.3221134E-02
  0.3754900E+01  0.3198958E-02
  0.3760600E+01  0.3173433E-02
  0.3766300E+01  0.3144609E-02
  0.3772000E+01  0.3112538E-02
  0.3777700E+01  0.3077278E-02
  0.3783400E+01  0.3038884E-02
  0.3789100E+01  0.2997419E-02
  0.3794800E+01  0.2952945E-02
  0.3800500E+01  0.2905528E-02
  0.3806200E+01  0.2855234E-02
  0.3811900E+01  0.2802133E-02
  0.3817600E+01  0.2746297E-02
  0.3823300E+01  0.2687798E-02
  0.3829000E+01  0.2626712E-02
  0.3834700E+01  0.2563114E-02
  0.3840400E+01  0.2497083E-02
  0.3846100E+01  0.2428696E-02
  0.3851800E+01  0.2358036E-02
  0.3857500E+01  0.2285183E-02
  0.3863200E+01  0.2210219E-02
  0.3868900E+01  0.2133228E-02
  0.3874600E+01  0.2054293E-02
  0.3880300E+01  0.1973501E-02
  0.3886000E+01  0.1890935E-02
  0.3891700E+01  0.1806682E-02
  0.3897400E+01  0.1720827E-02
  0.3903100E+01  0.1633459E-02
  0.3908800E+01  0.1544662E-02
  0.3914500E+01  0.1454525E-02
  0.3920200E+01  0.1363133E-02
  0.3925900E+01  0.1270575E-02
  0.3931600E+01  0.1176935E-02
  0.3937300E+01  0.1082302E-02
  0.3943000E+01  0.9867601E-03
  0.3948700E+01  0.8903964E-03
  0.3954400E+01  0.7932957E-03
  0.3960100E+01  0.6955430E-03
  0.3965800E+01  0.5972224E-03
  0.3971500E+01  0.4984175E-03
  0.3977200E+01  0.3992111E-03
  0.3982900E+01  0.2996854E-03
  0.3988600E+01  0.1999216E-03
  0.3994300E+01  0.1000000E-03
  0.4000000E+01  0.0000000E+00
