  0.1000000E-01  0.0000000E+00
  0.1570000E-01  0.6316126E-02
  0.2140000E-01  0.1374586E-01
  0.2710000E-01  0.2354442E-01
  0.3280000E-01  0.3730835E-01
  0.3850000E-01  0.5721264E-01
  0.4420000E-01  0.8631776E-01
  0.4990000E-01  0.1289853E+00
  0.5560000E-01  0.1914513E+00
  0.6130000E-01  0.2826225E+00
  0.6700000E-01  0.4151809E+00
  0.7270000E-01  0.6071149E+00
  0.7840000E-01  0.8838304E+00
  0.8410000E-01  0.1281052E+01
  0.8980000E-01  0.1848787E+01
  0.9550000E-01  0.2656727E+01
  0.1012000E+00  0.3801557E+01
  0.1069000E+00  0.5416813E+01
  0.1126000E+00  0.7686111E+01
  0.1183000E+00  0.1086081E+02
  0.1240000E+00  0.1528348E+02
  0.1297000E+00  0.2141900E+02
  0.1354000E+00  0.2989539E+02
  0.1411000E+00  0.4155746E+02
  0.1468000E+00  0.5753673E+02
  0.1525000E+00  0.7934215E+02
  0.1582000E+00  0.1089774E+03
  0.1639000E+00  0.1490919E+03
  0.1696000E+00  0.2031737E+03
  0.1753000E+00  0.2757958E+03
  0.1810000E+00  0.3729282E+03
  0.1867000E+00  0.5023322E+03
  0.1924000E+00  0.6740551E+03
  0.1981000E+00  0.9010496E+03
  0.2038000E+00  0.1199945E+04
  0.2095000E+00  0.1592001E+04
  0.2152000E+00  0.2104285E+04
  0.2209000E+00  0.2771119E+04
  0.2266000E+00  0.3635839E+04
  0.2323000E+00  0.4752946E+04
  0.2380000E+00  0.6190693E+04
  0.2437000E+00  0.8034209E+04
  0.2494000E+00  0.1038924E+05
  0.2551000E+00  0.1338660E+05
  0.2608000E+00  0.1718745E+05
  0.2665000E+00  0.2198956E+05
  0.2722000E+00  0.2803457E+05
  0.2779000E+00  0.3561657E+05
  0.2836000E+00  0.4509201E+05
  0.2893000E+00  0.5689115E+05
  0.2950000E+00  0.7153121E+05
  0.3007000E+00  0.8963139E+05
  0.3064000E+00  0.1119299E+06
  0.3121000E+00  0.1393033E+06
  0.3178000E+00  0.1727879E+06
  0.3235000E+00  0.2136040E+06
  0.3292000E+00  0.2631822E+06
  0.3349000E+00  0.3231930E+06
  0.3406000E+00  0.3955784E+06
  0.3463000E+00  0.4825861E+06
  0.3520000E+00  0.5868071E+06
  0.3577000E+00  0.7112144E+06
  0.3634000E+00  0.8592041E+06
  0.3691000E+00  0.1034639E+07
  0.3748000E+00  0.1241891E+07
  0.3805000E+00  0.1485888E+07
  0.3862000E+00  0.1772156E+07
  0.3919000E+00  0.2106862E+07
  0.3976000E+00  0.2496854E+07
  0.4033000E+00  0.2949702E+07
  0.4090000E+00  0.3473723E+07
  0.4147000E+00  0.4078012E+07
  0.4204000E+00  0.4772456E+07
  0.4261000E+00  0.5567742E+07
  0.4318000E+00  0.6475351E+07
  0.4375000E+00  0.7507539E+07
  0.4432000E+00  0.8677301E+07
  0.4489000E+00  0.9998315E+07
  0.4546000E+00  0.1148487E+08
  0.4603000E+00  0.1315178E+08
  0.4660000E+00  0.1501423E+08
  0.4717000E+00  0.1708766E+08
  0.4774000E+00  0.1938759E+08
  0.4831000E+00  0.2192939E+08
  0.4888000E+00  0.2472810E+08
  0.4945000E+00  0.2779811E+08
  0.5002000E+00  0.3115291E+08
  0.5059000E+00  0.3480479E+08
  0.5116000E+00  0.3876445E+08
  0.5173000E+00  0.4304072E+08
  0.5230000E+00  0.4764008E+08
  0.5287000E+00  0.5256638E+08
  0.5344000E+00  0.5782036E+08
  0.5401000E+00  0.6339928E+08
  0.5458000E+00  0.6929652E+08
  0.5515000E+00  0.7550122E+08
  0.5572000E+00  0.8199786E+08
  0.5629000E+00  0.8876599E+08
  0.5686000E+00  0.9577991E+08
  0.5743000E+00  0.1030084E+09
  0.5800000E+00  0.1104147E+09
  0.5857000E+00  0.1179560E+09
  0.5914000E+00  0.1255840E+09
  0.5971000E+00  0.1332443E+09
  0.6028000E+00  0.1408770E+09
  0.6085000E+00  0.1484168E+09
  0.6142000E+00  0.1557935E+09
  0.6199000E+00  0.1629322E+09
  0.6256000E+00  0.1697539E+09
  0.6313000E+00  0.1761764E+09
  0.6370000E+00  0.1821151E+09
  0.6427000E+00  0.1874837E+09
  0.6484000E+00  0.1921952E+09
  0.6541000E+00  0.1961635E+09
  0.6598000E+00  0.1993038E+09
  0.6655000E+00  0.2015345E+09
  0.6712000E+00  0.2027784E+09
  0.6769000E+00  0.2029636E+09
  0.6826000E+00  0.2020254E+09
  0.6883000E+00  0.1999100E+09
  0.6940000E+00  0.1965680E+09
  0.6997000E+00  0.1919635E+09
  0.7054000E+00  0.1860725E+09
  0.7111000E+00  0.1788844E+09
  0.7168000E+00  0.1704025E+09
  0.7225000E+00  0.1606450E+09
  0.7282000E+00  0.1496455E+09
  0.7339000E+00  0.1374536E+09
  0.7396000E+00  0.1241348E+09
  0.7453000E+00  0.1097709E+09
  0.7510000E+00  0.9445910E+08
  0.7567000E+00  0.7831215E+08
  0.7624000E+00  0.6145709E+08
  0.7681000E+00  0.4403448E+08
  0.7738000E+00  0.2619700E+08
  0.7795000E+00  0.8107996E+07
  0.7852000E+00 -0.1006025E+08
  0.7909000E+00 -0.2812849E+08
  0.7966000E+00 -0.4591261E+08
  0.8023000E+00 -0.6322590E+08
  0.8080000E+00 -0.7988146E+08
  0.8137000E+00 -0.9569466E+08
  0.8194000E+00 -0.1104857E+09
  0.8251000E+00 -0.1240822E+09
  0.8308000E+00 -0.1363216E+09
  0.8365000E+00 -0.1470538E+09
  0.8422000E+00 -0.1561434E+09
  0.8479000E+00 -0.1634716E+09
  0.8536000E+00 -0.1689391E+09
  0.8593000E+00 -0.1724667E+09
  0.8650000E+00 -0.1739978E+09
  0.8707000E+00 -0.1734992E+09
  0.8764000E+00 -0.1709621E+09
  0.8821000E+00 -0.1664025E+09
  0.8878000E+00 -0.1598620E+09
  0.8935000E+00 -0.1514071E+09
  0.8992000E+00 -0.1411288E+09
  0.9049000E+00 -0.1291423E+09
  0.9106000E+00 -0.1155851E+09
  0.9163000E+00 -0.1006158E+09
  0.9220000E+00 -0.8441222E+08
  0.9277000E+00 -0.6716925E+08
  0.9334000E+00 -0.4909633E+08
  0.9391000E+00 -0.3041488E+08
  0.9448000E+00 -0.1135536E+08
  0.9505000E+00  0.7845666E+07
  0.9562000E+00  0.2694870E+08
  0.9619000E+00  0.4571447E+08
  0.9676000E+00  0.6390714E+08
  0.9733000E+00  0.8129745E+08
  0.9790000E+00  0.9766585E+08
  0.9847000E+00  0.1128054E+09
  0.9904000E+00  0.1265245E+09
  0.9961000E+00  0.1386498E+09
  0.1001800E+01  0.1490279E+09
  0.1007500E+01  0.1575281E+09
  0.1013200E+01  0.1640435E+09
  0.1018900E+01  0.1684930E+09
  0.1024600E+01  0.1708216E+09
  0.1030300E+01  0.1710019E+09
  0.1036000E+01  0.1690336E+09
  0.1041700E+01  0.1649442E+09
  0.1047400E+01  0.1587876E+09
  0.1053100E+01  0.1506443E+09
  0.1058800E+01  0.1406193E+09
  0.1064500E+01  0.1288414E+09
  0.1070200E+01  0.1154607E+09
  0.1075900E+01  0.1006469E+09
  0.1081600E+01  0.8458695E+08
  0.1087300E+01  0.6748245E+08
  0.1093000E+01  0.4954691E+08
  0.1098700E+01  0.3100302E+08
  0.1104400E+01  0.1207962E+08
  0.1110100E+01 -0.6991149E+07
  0.1115800E+01 -0.2597692E+08
  0.1121500E+01 -0.4464794E+08
  0.1127200E+01 -0.6278002E+08
  0.1132900E+01 -0.8015717E+08
  0.1138600E+01 -0.9657431E+08
  0.1144300E+01 -0.1118396E+09
  0.1150000E+01 -0.1257766E+09
  0.1155700E+01 -0.1382265E+09
  0.1161400E+01 -0.1490495E+09
  0.1167100E+01 -0.1581265E+09
  0.1172800E+01 -0.1653600E+09
  0.1178500E+01 -0.1706752E+09
  0.1184200E+01 -0.1740206E+09
  0.1189900E+01 -0.1753681E+09
  0.1195600E+01 -0.1747130E+09
  0.1201300E+01 -0.1720736E+09
  0.1207000E+01 -0.1674909E+09
  0.1212700E+01 -0.1610275E+09
  0.1218400E+01 -0.1527665E+09
  0.1224100E+01 -0.1428104E+09
  0.1229800E+01 -0.1312793E+09
  0.1235500E+01 -0.1183094E+09
  0.1241200E+01 -0.1040511E+09
  0.1246900E+01 -0.8866698E+08
  0.1252600E+01 -0.7232978E+08
  0.1258300E+01 -0.5522034E+08
  0.1264000E+01 -0.3752537E+08
  0.1269700E+01 -0.1943526E+08
  0.1275400E+01 -0.1141936E+07
  0.1281100E+01  0.1716324E+08
  0.1286800E+01  0.3529155E+08
  0.1292500E+01  0.5305889E+08
  0.1298200E+01  0.7028761E+08
  0.1303900E+01  0.8680828E+08
  0.1309600E+01  0.1024613E+09
  0.1315300E+01  0.1170982E+09
  0.1321000E+01  0.1305832E+09
  0.1326700E+01  0.1427940E+09
  0.1332400E+01  0.1536231E+09
  0.1338100E+01  0.1629779E+09
  0.1343800E+01  0.1707820E+09
  0.1349500E+01  0.1769751E+09
  0.1355200E+01  0.1815133E+09
  0.1360900E+01  0.1843691E+09
  0.1366600E+01  0.1855313E+09
  0.1372300E+01  0.1850048E+09
  0.1378000E+01  0.1828097E+09
  0.1383700E+01  0.1789811E+09
  0.1389400E+01  0.1735685E+09
  0.1395100E+01  0.1666342E+09
  0.1400800E+01  0.1582533E+09
  0.1406500E+01  0.1485118E+09
  0.1412200E+01  0.1375063E+09
  0.1417900E+01  0.1253422E+09
  0.1423600E+01  0.1121326E+09
  0.1429300E+01  0.9799730E+08
  0.1435000E+01  0.8306151E+08
  0.1440700E+01  0.6745434E+08
  0.1446400E+01  0.5130776E+08
  0.1452100E+01  0.3475531E+08
  0.1457800E+01  0.1793095E+08
  0.1463500E+01  0.9678472E+06
  0.1469200E+01 -0.1600266E+08
  0.1474900E+01 -0.3285212E+08
  0.1480600E+01 -0.4945594E+08
  0.1486300E+01 -0.6569426E+08
  0.1492000E+01 -0.8145278E+08
  0.1497700E+01 -0.9662348E+08
  0.1503400E+01 -0.1111053E+09
  0.1509100E+01 -0.1248046E+09
  0.1514800E+01 -0.1376357E+09
  0.1520500E+01 -0.1495214E+09
  0.1526200E+01 -0.1603929E+09
  0.1531900E+01 -0.1701906E+09
  0.1537600E+01 -0.1788634E+09
  0.1543300E+01 -0.1863697E+09
  0.1549000E+01 -0.1926766E+09
  0.1554700E+01 -0.1977601E+09
  0.1560400E+01 -0.2016051E+09
  0.1566100E+01 -0.2042049E+09
  0.1571800E+01 -0.2055611E+09
  0.1577500E+01 -0.2056830E+09
  0.1583200E+01 -0.2045878E+09
  0.1588900E+01 -0.2022993E+09
  0.1594600E+01 -0.1988483E+09
  0.1600300E+01 -0.1942716E+09
  0.1606000E+01 -0.1886118E+09
  0.1611700E+01 -0.1819165E+09
  0.1617400E+01 -0.1742378E+09
  0.1623100E+01 -0.1656322E+09
  0.1628800E+01 -0.1561595E+09
  0.1634500E+01 -0.1458823E+09
  0.1640200E+01 -0.1348661E+09
  0.1645900E+01 -0.1231778E+09
  0.1651600E+01 -0.1108863E+09
  0.1657300E+01 -0.9806080E+08
  0.1663000E+01 -0.8477140E+08
  0.1668700E+01 -0.7108800E+08
  0.1674400E+01 -0.5708010E+08
  0.1680100E+01 -0.4281639E+08
  0.1685800E+01 -0.2836432E+08
  0.1691500E+01 -0.1378981E+08
  0.1697200E+01  0.8431015E+06
  0.1702900E+01  0.1547251E+08
  0.1708600E+01  0.3003893E+08
  0.1714300E+01  0.4448550E+08
  0.1720000E+01  0.5875819E+08
  0.1725700E+01  0.7280598E+08
  0.1731400E+01  0.8658096E+08
  0.1737100E+01  0.1000385E+09
  0.1742800E+01  0.1131372E+09
  0.1748500E+01  0.1258391E+09
  0.1754200E+01  0.1381097E+09
  0.1759900E+01  0.1499179E+09
  0.1765600E+01  0.1612359E+09
  0.1771300E+01  0.1720395E+09
  0.1777000E+01  0.1823076E+09
  0.1782700E+01  0.1920225E+09
  0.1788400E+01  0.2011696E+09
  0.1794100E+01  0.2097375E+09
  0.1799800E+01  0.2177177E+09
  0.1805500E+01  0.2251045E+09
  0.1811200E+01  0.2318950E+09
  0.1816900E+01  0.2380889E+09
  0.1822600E+01  0.2436883E+09
  0.1828300E+01  0.2486977E+09
  0.1834000E+01  0.2531236E+09
  0.1839700E+01  0.2569746E+09
  0.1845400E+01  0.2602611E+09
  0.1851100E+01  0.2629952E+09
  0.1856800E+01  0.2651906E+09
  0.1862500E+01  0.2668622E+09
  0.1868200E+01  0.2680264E+09
  0.1873900E+01  0.2687005E+09
  0.1879600E+01  0.2689027E+09
  0.1885300E+01  0.2686522E+09
  0.1891000E+01  0.2679686E+09
  0.1896700E+01  0.2668723E+09
  0.1902400E+01  0.2653840E+09
  0.1908100E+01  0.2635247E+09
  0.1913800E+01  0.2613155E+09
  0.1919500E+01  0.2587778E+09
  0.1925200E+01  0.2559329E+09
  0.1930900E+01  0.2528020E+09
  0.1936600E+01  0.2494060E+09
  0.1942300E+01  0.2457657E+09
  0.1948000E+01  0.2419015E+09
  0.1953700E+01  0.2378334E+09
  0.1959400E+01  0.2335810E+09
  0.1965100E+01  0.2291634E+09
  0.1970800E+01  0.2245991E+09
  0.1976500E+01  0.2199059E+09
  0.1982200E+01  0.2151013E+09
  0.1987900E+01  0.2102019E+09
  0.1993600E+01  0.2052237E+09
  0.1999300E+01  0.2001820E+09
  0.2005000E+01  0.1950913E+09
  0.2010700E+01  0.1899656E+09
  0.2016400E+01  0.1848180E+09
  0.2022100E+01  0.1796610E+09
  0.2027800E+01  0.1745062E+09
  0.2033500E+01  0.1693646E+09
  0.2039200E+01  0.1642467E+09
  0.2044900E+01  0.1591618E+09
  0.2050600E+01  0.1541190E+09
  0.2056300E+01  0.1491264E+09
  0.2062000E+01  0.1441917E+09
  0.2067700E+01  0.1393217E+09
  0.2073400E+01  0.1345228E+09
  0.2079100E+01  0.1298007E+09
  0.2084800E+01  0.1251605E+09
  0.2090500E+01  0.1206067E+09
  0.2096200E+01  0.1161435E+09
  0.2101900E+01  0.1117743E+09
  0.2107600E+01  0.1075023E+09
  0.2113300E+01  0.1033299E+09
  0.2119000E+01  0.9925944E+08
  0.2124700E+01  0.9529254E+08
  0.2130400E+01  0.9143058E+08
  0.2136100E+01  0.8767453E+08
  0.2141800E+01  0.8402505E+08
  0.2147500E+01  0.8048245E+08
  0.2153200E+01  0.7704675E+08
  0.2158900E+01  0.7371770E+08
  0.2164600E+01  0.7049478E+08
  0.2170300E+01  0.6737725E+08
  0.2176000E+01  0.6436416E+08
  0.2181700E+01  0.6145435E+08
  0.2187400E+01  0.5864648E+08
  0.2193100E+01  0.5593905E+08
  0.2198800E+01  0.5333045E+08
  0.2204500E+01  0.5081888E+08
  0.2210200E+01  0.4840249E+08
  0.2215900E+01  0.4607929E+08
  0.2221600E+01  0.4384722E+08
  0.2227300E+01  0.4170414E+08
  0.2233000E+01  0.3964787E+08
  0.2238700E+01  0.3767616E+08
  0.2244400E+01  0.3578672E+08
  0.2250100E+01  0.3397725E+08
  0.2255800E+01  0.3224542E+08
  0.2261500E+01  0.3058889E+08
  0.2267200E+01  0.2900531E+08
  0.2272900E+01  0.2749233E+08
  0.2278600E+01  0.2604764E+08
  0.2284300E+01  0.2466890E+08
  0.2290000E+01  0.2335384E+08
  0.2295700E+01  0.2210018E+08
  0.2301400E+01  0.2090568E+08
  0.2307100E+01  0.1976815E+08
  0.2312800E+01  0.1868542E+08
  0.2318500E+01  0.1765536E+08
  0.2324200E+01  0.1667591E+08
  0.2329900E+01  0.1574502E+08
  0.2335600E+01  0.1486071E+08
  0.2341300E+01  0.1402104E+08
  0.2347000E+01  0.1322414E+08
  0.2352700E+01  0.1246817E+08
  0.2358400E+01  0.1175135E+08
  0.2364100E+01  0.1107195E+08
  0.2369800E+01  0.1042830E+08
  0.2375500E+01  0.9818793E+07
  0.2381200E+01  0.9241850E+07
  0.2386900E+01  0.8695964E+07
  0.2392600E+01  0.8179677E+07
  0.2398300E+01  0.7691581E+07
  0.2404000E+01  0.7230324E+07
  0.2409700E+01  0.6794602E+07
  0.2415400E+01  0.6383162E+07
  0.2421100E+01  0.5994801E+07
  0.2426800E+01  0.5628363E+07
  0.2432500E+01  0.5282742E+07
  0.2438200E+01  0.4956874E+07
  0.2443900E+01  0.4649743E+07
  0.2449600E+01  0.4360378E+07
  0.2455300E+01  0.4087846E+07
  0.2461000E+01  0.3831259E+07
  0.2466700E+01  0.3589768E+07
  0.2472400E+01  0.3362563E+07
  0.2478100E+01  0.3148872E+07
  0.2483800E+01  0.2947957E+07
  0.2489500E+01  0.2759117E+07
  0.2495200E+01  0.2581685E+07
  0.2500900E+01  0.2415024E+07
  0.2506600E+01  0.2258532E+07
  0.2512300E+01  0.2111634E+07
  0.2518000E+01  0.1973784E+07
  0.2523700E+01  0.1844466E+07
  0.2529400E+01  0.1723187E+07
  0.2535100E+01  0.1609483E+07
  0.2540800E+01  0.1502911E+07
  0.2546500E+01  0.1403054E+07
  0.2552200E+01  0.1309516E+07
  0.2557900E+01  0.1221922E+07
  0.2563600E+01  0.1139918E+07
  0.2569300E+01  0.1063168E+07
  0.2575000E+01  0.9913556E+06
  0.2580700E+01  0.9241817E+06
  0.2586400E+01  0.8613636E+06
  0.2592100E+01  0.8026347E+06
  0.2597800E+01  0.7477433E+06
  0.2603500E+01  0.6964521E+06
  0.2609200E+01  0.6485373E+06
  0.2614900E+01  0.6037883E+06
  0.2620600E+01  0.5620064E+06
  0.2626300E+01  0.5230048E+06
  0.2632000E+01  0.4866073E+06
  0.2637700E+01  0.4526486E+06
  0.2643400E+01  0.4209729E+06
  0.2649100E+01  0.3914337E+06
  0.2654800E+01  0.3638936E+06
  0.2660500E+01  0.3382234E+06
  0.2666200E+01  0.3143015E+06
  0.2671900E+01  0.2920142E+06
  0.2677600E+01  0.2712543E+06
  0.2683300E+01  0.2519217E+06
  0.2689000E+01  0.2339222E+06
  0.2694700E+01  0.2171676E+06
  0.2700400E+01  0.2015752E+06
  0.2706100E+01  0.1870675E+06
  0.2711800E+01  0.1735720E+06
  0.2717500E+01  0.1610207E+06
  0.2723200E+01  0.1493500E+06
  0.2728900E+01  0.1385003E+06
  0.2734600E+01  0.1284161E+06
  0.2740300E+01  0.1190451E+06
  0.2746000E+01  0.1103388E+06
  0.2751700E+01  0.1022515E+06
  0.2757400E+01  0.9474079E+05
  0.2763100E+01  0.8776688E+05
  0.2768800E+01  0.8129267E+05
  0.2774500E+01  0.7528351E+05
  0.2780200E+01  0.6970705E+05
  0.2785900E+01  0.6453310E+05
  0.2791600E+01  0.5973352E+05
  0.2797300E+01  0.5528203E+05
  0.2803000E+01  0.5115414E+05
  0.2808700E+01  0.4732703E+05
  0.2814400E+01  0.4377940E+05
  0.2820100E+01  0.4049144E+05
  0.2825800E+01  0.3744467E+05
  0.2831500E+01  0.3462189E+05
  0.2837200E+01  0.3200709E+05
  0.2842900E+01  0.2958536E+05
  0.2848600E+01  0.2734281E+05
  0.2854300E+01  0.2526655E+05
  0.2860000E+01  0.2334455E+05
  0.2865700E+01  0.2156565E+05
  0.2871400E+01  0.1991946E+05
  0.2877100E+01  0.1839634E+05
  0.2882800E+01  0.1698729E+05
  0.2888500E+01  0.1568399E+05
  0.2894200E+01  0.1447869E+05
  0.2899900E+01  0.1336419E+05
  0.2905600E+01  0.1233381E+05
  0.2911300E+01  0.1138135E+05
  0.2917000E+01  0.1050104E+05
  0.2922700E+01  0.9687548E+04
  0.2928400E+01  0.8935907E+04
  0.2934100E+01  0.8241518E+04
  0.2939800E+01  0.7600113E+04
  0.2945500E+01  0.7007736E+04
  0.2951200E+01  0.6460715E+04
  0.2956900E+01  0.5955651E+04
  0.2962600E+01  0.5489389E+04
  0.2968300E+01  0.5059010E+04
  0.2974000E+01  0.4661806E+04
  0.2979700E+01  0.4295270E+04
  0.2985400E+01  0.3957080E+04
  0.2991100E+01  0.3645085E+04
  0.2996800E+01  0.3357295E+04
  0.3002500E+01  0.3091866E+04
  0.3008200E+01  0.2847093E+04
  0.3013900E+01  0.2621398E+04
  0.3019600E+01  0.2413321E+04
  0.3025300E+01  0.2221510E+04
  0.3031000E+01  0.2044716E+04
  0.3036700E+01  0.1881783E+04
  0.3042400E+01  0.1731644E+04
  0.3048100E+01  0.1593311E+04
  0.3053800E+01  0.1465871E+04
  0.3059500E+01  0.1348480E+04
  0.3065200E+01  0.1240358E+04
  0.3070900E+01  0.1140786E+04
  0.3076600E+01  0.1049098E+04
  0.3082300E+01  0.9646797E+03
  0.3088000E+01  0.8869635E+03
  0.3093700E+01  0.8154256E+03
  0.3099400E+01  0.7495822E+03
  0.3105100E+01  0.6889867E+03
  0.3110800E+01  0.6332271E+03
  0.3116500E+01  0.5819230E+03
  0.3122200E+01  0.5347237E+03
  0.3127900E+01  0.4913053E+03
  0.3133600E+01  0.4513693E+03
  0.3139300E+01  0.4146402E+03
  0.3145000E+01  0.3808640E+03
  0.3150700E+01  0.3498067E+03
  0.3156400E+01  0.3212522E+03
  0.3162100E+01  0.2950017E+03
  0.3167800E+01  0.2708715E+03
  0.3173500E+01  0.2486928E+03
  0.3179200E+01  0.2283096E+03
  0.3184900E+01  0.2095785E+03
  0.3190600E+01  0.1923673E+03
  0.3196300E+01  0.1765542E+03
  0.3202000E+01  0.1620269E+03
  0.3207700E+01  0.1486823E+03
  0.3213400E+01  0.1364252E+03
  0.3219100E+01  0.1251680E+03
  0.3224800E+01  0.1148301E+03
  0.3230500E+01  0.1053374E+03
  0.3236200E+01  0.9662143E+02
  0.3241900E+01  0.8861947E+02
  0.3247600E+01  0.8127366E+02
  0.3253300E+01  0.7453080E+02
  0.3259000E+01  0.6834194E+02
  0.3264700E+01  0.6266206E+02
  0.3270400E+01  0.5744976E+02
  0.3276100E+01  0.5266695E+02
  0.3281800E+01  0.4827862E+02
  0.3287500E+01  0.4425257E+02
  0.3293200E+01  0.4055921E+02
  0.3298900E+01  0.3717132E+02
  0.3304600E+01  0.3406389E+02
  0.3310300E+01  0.3121394E+02
  0.3316000E+01  0.2860035E+02
  0.3321700E+01  0.2620370E+02
  0.3327400E+01  0.2400617E+02
  0.3333100E+01  0.2199136E+02
  0.3338800E+01  0.2014424E+02
  0.3344500E+01  0.1845097E+02
  0.3350200E+01  0.1689886E+02
  0.3355900E+01  0.1547625E+02
  0.3361600E+01  0.1417244E+02
  0.3367300E+01  0.1297759E+02
  0.3373000E+01  0.1188268E+02
  0.3378700E+01  0.1087942E+02
  0.3384400E+01  0.9960214E+01
  0.3390100E+01  0.9118074E+01
  0.3395800E+01  0.8346595E+01
  0.3401500E+01  0.7639900E+01
  0.3407200E+01  0.6992594E+01
  0.3412900E+01  0.6399727E+01
  0.3418600E+01  0.5856760E+01
  0.3424300E+01  0.5359525E+01
  0.3430000E+01  0.4904203E+01
  0.3435700E+01  0.4487288E+01
  0.3441400E+01  0.4105567E+01
  0.3447100E+01  0.3756092E+01
  0.3452800E+01  0.3436160E+01
  0.3458500E+01  0.3143293E+01
  0.3464200E+01  0.2875218E+01
  0.3469900E+01  0.2629853E+01
  0.3475600E+01  0.2405288E+01
  0.3481300E+01  0.2199773E+01
  0.3487000E+01  0.2011703E+01
  0.3492700E+01  0.1839609E+01
  0.3498400E+01  0.1682143E+01
  0.3504100E+01  0.1538070E+01
  0.3509800E+01  0.1406260E+01
  0.3515500E+01  0.1285676E+01
  0.3521200E+01  0.1175368E+01
  0.3526900E+01  0.1074466E+01
  0.3532600E+01  0.9821747E+00
  0.3538300E+01  0.8977632E+00
  0.3544000E+01  0.8205634E+00
  0.3549700E+01  0.7499632E+00
  0.3555400E+01  0.6854021E+00
  0.3561100E+01  0.6263668E+00
  0.3566800E+01  0.5723874E+00
  0.3572500E+01  0.5230336E+00
  0.3578200E+01  0.4779115E+00
  0.3583900E+01  0.4366605E+00
  0.3589600E+01  0.3989506E+00
  0.3595300E+01  0.3644796E+00
  0.3601000E+01  0.3329709E+00
  0.3606700E+01  0.3041716E+00
  0.3612400E+01  0.2778499E+00
  0.3618100E+01  0.2537941E+00
  0.3623800E+01  0.2318102E+00
  0.3629500E+01  0.2117207E+00
  0.3635200E+01  0.1933633E+00
  0.3640900E+01  0.1765896E+00
  0.3646600E+01  0.1612636E+00
  0.3652300E+01  0.1472611E+00
  0.3658000E+01  0.1344684E+00
  0.3663700E+01  0.1227815E+00
  0.3669400E+01  0.1121054E+00
  0.3675100E+01  0.1023531E+00
  0.3680800E+01  0.9344506E-01
  0.3686500E+01  0.8530860E-01
  0.3692200E+01  0.7787719E-01
  0.3697900E+01  0.7109006E-01
  0.3703600E+01  0.6489162E-01
  0.3709300E+01  0.5923104E-01
  0.3715000E+01  0.5406189E-01
  0.3720700E+01  0.4934169E-01
  0.3726400E+01  0.4503161E-01
  0.3732100E+01  0.4109620E-01
  0.3737800E+01  0.3750300E-01
  0.3743500E+01  0.3422239E-01
  0.3749200E+01  0.3122727E-01
  0.3754900E+01  0.2849290E-01
  0.3760600E+01  0.2599665E-01
  0.3766300E+01  0.2371784E-01
  0.3772000E+01  0.2163760E-01
  0.3777700E+01  0.1973865E-01
  0.3783400E+01  0.1800524E-01
  0.3789100E+01  0.1642294E-01
  0.3794800E+01  0.1497860E-01
  0.3800500E+01  0.1366019E-01
  0.3806200E+01  0.1245672E-01
  0.3811900E+01  0.1135815E-01
  0.3817600E+01  0.1035530E-01
  0.3823300E+01  0.9439788E-02
  0.3829000E+01  0.8603963E-02
  0.3834700E+01  0.7840823E-02
  0.3840400E+01  0.7143974E-02
  0.3846100E+01  0.6507571E-02
  0.3851800E+01  0.5926271E-02
  0.3857500E+01  0.5395191E-02
  0.3863200E+01  0.4909864E-02
  0.3868900E+01  0.4466206E-02
  0.3874600E+01  0.4060481E-02
  0.3880300E+01  0.3689266E-02
  0.3886000E+01  0.3349431E-02
  0.3891700E+01  0.3038106E-02
  0.3897400E+01  0.2752659E-02
  0.3903100E+01  0.2490675E-02
  0.3908800E+01  0.2249936E-02
  0.3914500E+01  0.2028402E-02
  0.3920200E+01  0.1824195E-02
  0.3925900E+01  0.1635580E-02
  0.3931600E+01  0.1460956E-02
  0.3937300E+01  0.1298836E-02
  0.3943000E+01  0.1147841E-02
  0.3948700E+01  0.1006684E-02
  0.3954400E+01  0.8741600E-03
  0.3960100E+01  0.7491385E-03
  0.3965800E+01  0.6305503E-03
  0.3971500E+01  0.5173804E-03
  0.3977200E+01  0.4086594E-03
  0.3982900E+01  0.3034544E-03
  0.3988600E+01  0.2008620E-03
  0.3994300E+01  0.1000000E-03
  0.4000000E+01  0.0000000E+00
