  0.1000000E-01 -0.0000000E+00
  0.1570000E-01 -0.1269935E-10
  0.2140000E-01 -0.2754095E-10
  0.2710000E-01 -0.4691878E-10
  0.3280000E-01 -0.7384111E-10
  0.3850000E-01 -0.1123537E-09
  0.4420000E-01 -0.1680785E-09
  0.4990000E-01 -0.2489310E-09
  0.5560000E-01 -0.3660958E-09
  0.6130000E-01 -0.5353606E-09
  0.6700000E-01 -0.7789434E-09
  0.7270000E-01 -0.1127987E-08
  0.7840000E-01 -0.1625953E-08
  0.8410000E-01 -0.2333217E-08
  0.8980000E-01 -0.3333260E-08
  0.9550000E-01 -0.4740974E-08
  0.1012000E+00 -0.6713739E-08
  0.1069000E+00 -0.9466131E-08
  0.1126000E+00 -0.1328934E-07
  0.1183000E+00 -0.1857671E-07
  0.1240000E+00 -0.2585708E-07
  0.1297000E+00 -0.3583820E-07
  0.1354000E+00 -0.4946292E-07
  0.1411000E+00 -0.6798149E-07
  0.1468000E+00 -0.9304416E-07
  0.1525000E+00 -0.1268193E-06
  0.1582000E+00 -0.1721430E-06
  0.1639000E+00 -0.2327078E-06
  0.1696000E+00 -0.3132997E-06
  0.1753000E+00 -0.4200934E-06
  0.1810000E+00 -0.5610195E-06
  0.1867000E+00 -0.7462178E-06
  0.1924000E+00 -0.9885937E-06
  0.1981000E+00 -0.1304498E-05
  0.2038000E+00 -0.1714555E-05
  0.2095000E+00 -0.2244657E-05
  0.2152000E+00 -0.2927169E-05
  0.2209000E+00 -0.3802357E-05
  0.2266000E+00 -0.4920093E-05
  0.2323000E+00 -0.6341864E-05
  0.2380000E+00 -0.8143129E-05
  0.2437000E+00 -0.1041607E-04
  0.2494000E+00 -0.1327279E-04
  0.2551000E+00 -0.1684895E-04
  0.2608000E+00 -0.2130801E-04
  0.2665000E+00 -0.2684596E-04
  0.2722000E+00 -0.3369669E-04
  0.2779000E+00 -0.4213802E-04
  0.2836000E+00 -0.5249832E-04
  0.2893000E+00 -0.6516386E-04
  0.2950000E+00 -0.8058676E-04
  0.3007000E+00 -0.9929361E-04
  0.3064000E+00 -0.1218946E-03
  0.3121000E+00 -0.1490932E-03
  0.3178000E+00 -0.1816962E-03
  0.3235000E+00 -0.2206238E-03
  0.3292000E+00 -0.2669199E-03
  0.3349000E+00 -0.3217625E-03
  0.3406000E+00 -0.3864724E-03
  0.3463000E+00 -0.4625225E-03
  0.3520000E+00 -0.5515451E-03
  0.3577000E+00 -0.6553372E-03
  0.3634000E+00 -0.7758642E-03
  0.3691000E+00 -0.9152608E-03
  0.3748000E+00 -0.1075828E-02
  0.3805000E+00 -0.1260027E-02
  0.3862000E+00 -0.1470468E-02
  0.3919000E+00 -0.1709893E-02
  0.3976000E+00 -0.1981156E-02
  0.4033000E+00 -0.2287192E-02
  0.4090000E+00 -0.2630983E-02
  0.4147000E+00 -0.3015517E-02
  0.4204000E+00 -0.3443733E-02
  0.4261000E+00 -0.3918468E-02
  0.4318000E+00 -0.4442389E-02
  0.4375000E+00 -0.5017917E-02
  0.4432000E+00 -0.5647153E-02
  0.4489000E+00 -0.6331784E-02
  0.4546000E+00 -0.7072991E-02
  0.4603000E+00 -0.7871358E-02
  0.4660000E+00 -0.8726764E-02
  0.4717000E+00 -0.9638288E-02
  0.4774000E+00 -0.1060411E-01
  0.4831000E+00 -0.1162140E-01
  0.4888000E+00 -0.1268626E-01
  0.4945000E+00 -0.1379362E-01
  0.5002000E+00 -0.1493717E-01
  0.5059000E+00 -0.1610931E-01
  0.5116000E+00 -0.1730112E-01
  0.5173000E+00 -0.1850238E-01
  0.5230000E+00 -0.1970151E-01
  0.5287000E+00 -0.2088569E-01
  0.5344000E+00 -0.2204088E-01
  0.5401000E+00 -0.2315194E-01
  0.5458000E+00 -0.2420279E-01
  0.5515000E+00 -0.2517656E-01
  0.5572000E+00 -0.2605579E-01
  0.5629000E+00 -0.2682271E-01
  0.5686000E+00 -0.2745946E-01
  0.5743000E+00 -0.2794844E-01
  0.5800000E+00 -0.2827264E-01
  0.5857000E+00 -0.2841594E-01
  0.5914000E+00 -0.2836352E-01
  0.5971000E+00 -0.2810224E-01
  0.6028000E+00 -0.2762095E-01
  0.6085000E+00 -0.2691094E-01
  0.6142000E+00 -0.2596623E-01
  0.6199000E+00 -0.2478395E-01
  0.6256000E+00 -0.2336455E-01
  0.6313000E+00 -0.2171214E-01
  0.6370000E+00 -0.1983462E-01
  0.6427000E+00 -0.1774383E-01
  0.6484000E+00 -0.1545562E-01
  0.6541000E+00 -0.1298984E-01
  0.6598000E+00 -0.1037023E-01
  0.6655000E+00 -0.7624252E-02
  0.6712000E+00 -0.4782831E-02
  0.6769000E+00 -0.1879987E-02
  0.6826000E+00  0.1047591E-02
  0.6883000E+00  0.3961067E-02
  0.6940000E+00  0.6820048E-02
  0.6997000E+00  0.9583243E-02
  0.7054000E+00  0.1220918E-01
  0.7111000E+00  0.1465695E-01
  0.7168000E+00  0.1688699E-01
  0.7225000E+00  0.1886192E-01
  0.7282000E+00  0.2054727E-01
  0.7339000E+00  0.2191228E-01
  0.7396000E+00  0.2293065E-01
  0.7453000E+00  0.2358117E-01
  0.7510000E+00  0.2384836E-01
  0.7567000E+00  0.2372291E-01
  0.7624000E+00  0.2320216E-01
  0.7681000E+00  0.2229029E-01
  0.7738000E+00  0.2099853E-01
  0.7795000E+00  0.1934512E-01
  0.7852000E+00  0.1735518E-01
  0.7909000E+00  0.1506045E-01
  0.7966000E+00  0.1249881E-01
  0.8023000E+00  0.9713729E-02
  0.8080000E+00  0.6753564E-02
  0.8137000E+00  0.3670709E-02
  0.8194000E+00  0.5206698E-03
  0.8251000E+00 -0.2638968E-02
  0.8308000E+00 -0.5749629E-02
  0.8365000E+00 -0.8752899E-02
  0.8422000E+00 -0.1159168E-01
  0.8479000E+00 -0.1421137E-01
  0.8536000E+00 -0.1656096E-01
  0.8593000E+00 -0.1859418E-01
  0.8650000E+00 -0.2027043E-01
  0.8707000E+00 -0.2155573E-01
  0.8764000E+00 -0.2242346E-01
  0.8821000E+00 -0.2285503E-01
  0.8878000E+00 -0.2284033E-01
  0.8935000E+00 -0.2237801E-01
  0.8992000E+00 -0.2147566E-01
  0.9049000E+00 -0.2014968E-01
  0.9106000E+00 -0.1842505E-01
  0.9163000E+00 -0.1633489E-01
  0.9220000E+00 -0.1391985E-01
  0.9277000E+00 -0.1122732E-01
  0.9334000E+00 -0.8310493E-02
  0.9391000E+00 -0.5227319E-02
  0.9448000E+00 -0.2039327E-02
  0.9505000E+00  0.1189621E-02
  0.9562000E+00  0.4394644E-02
  0.9619000E+00  0.7511173E-02
  0.9676000E+00  0.1047629E-01
  0.9733000E+00  0.1323003E-01
  0.9790000E+00  0.1571663E-01
  0.9847000E+00  0.1788570E-01
  0.9904000E+00  0.1969324E-01
  0.9961000E+00  0.2110259E-01
  0.1001800E+01  0.2208520E-01
  0.1007500E+01  0.2262117E-01
  0.1013200E+01  0.2269973E-01
  0.1018900E+01  0.2231938E-01
  0.1024600E+01  0.2148800E-01
  0.1030300E+01  0.2022259E-01
  0.1036000E+01  0.1854897E-01
  0.1041700E+01  0.1650121E-01
  0.1047400E+01  0.1412088E-01
  0.1053100E+01  0.1145624E-01
  0.1058800E+01  0.8561199E-02
  0.1064500E+01  0.5494178E-02
  0.1070200E+01  0.2316934E-02
  0.1075900E+01 -0.9067261E-03
  0.1081600E+01 -0.4112249E-02
  0.1087300E+01 -0.7235647E-02
  0.1093000E+01 -0.1021479E-01
  0.1098700E+01 -0.1299066E-01
  0.1104400E+01 -0.1550850E-01
  0.1110100E+01 -0.1771893E-01
  0.1115800E+01 -0.1957886E-01
  0.1121500E+01 -0.2105235E-01
  0.1127200E+01 -0.2211125E-01
  0.1132900E+01 -0.2273575E-01
  0.1138600E+01 -0.2291466E-01
  0.1144300E+01 -0.2264562E-01
  0.1150000E+01 -0.2193503E-01
  0.1155700E+01 -0.2079791E-01
  0.1161400E+01 -0.1925749E-01
  0.1167100E+01 -0.1734470E-01
  0.1172800E+01 -0.1509750E-01
  0.1178500E+01 -0.1256010E-01
  0.1184200E+01 -0.9782012E-02
  0.1189900E+01 -0.6817059E-02
  0.1195600E+01 -0.3722301E-02
  0.1201300E+01 -0.5568984E-03
  0.1207000E+01  0.2619038E-02
  0.1212700E+01  0.5745605E-02
  0.1218400E+01  0.8764242E-02
  0.1224100E+01  0.1161883E-01
  0.1229800E+01  0.1425673E-01
  0.1235500E+01  0.1662971E-01
  0.1241200E+01  0.1869484E-01
  0.1246900E+01  0.2041521E-01
  0.1252600E+01  0.2176054E-01
  0.1258300E+01  0.2270770E-01
  0.1264000E+01  0.2324100E-01
  0.1269700E+01  0.2335244E-01
  0.1275400E+01  0.2304172E-01
  0.1281100E+01  0.2231620E-01
  0.1286800E+01  0.2119064E-01
  0.1292500E+01  0.1968681E-01
  0.1298200E+01  0.1783310E-01
  0.1303900E+01  0.1566382E-01
  0.1309600E+01  0.1321859E-01
  0.1315300E+01  0.1054153E-01
  0.1321000E+01  0.7680431E-02
  0.1326700E+01  0.4685849E-02
  0.1332400E+01  0.1610208E-02
  0.1338100E+01 -0.1493157E-02
  0.1343800E+01 -0.4570935E-02
  0.1349500E+01 -0.7570756E-02
  0.1355200E+01 -0.1044208E-01
  0.1360900E+01 -0.1313703E-01
  0.1366600E+01 -0.1561119E-01
  0.1372300E+01 -0.1782426E-01
  0.1378000E+01 -0.1974072E-01
  0.1383700E+01 -0.2133034E-01
  0.1389400E+01 -0.2256860E-01
  0.1395100E+01 -0.2343699E-01
  0.1400800E+01 -0.2392329E-01
  0.1406500E+01 -0.2402158E-01
  0.1412200E+01 -0.2373232E-01
  0.1417900E+01 -0.2306221E-01
  0.1423600E+01 -0.2202397E-01
  0.1429300E+01 -0.2063606E-01
  0.1435000E+01 -0.1892230E-01
  0.1440700E+01 -0.1691137E-01
  0.1446400E+01 -0.1463631E-01
  0.1452100E+01 -0.1213393E-01
  0.1457800E+01 -0.9444121E-02
  0.1463500E+01 -0.6609264E-02
  0.1469200E+01 -0.3673468E-02
  0.1474900E+01 -0.6818875E-03
  0.1480600E+01  0.2319988E-02
  0.1486300E+01  0.5287037E-02
  0.1492000E+01  0.8175174E-02
  0.1497700E+01  0.1094201E-01
  0.1503400E+01  0.1354743E-01
  0.1509100E+01  0.1595418E-01
  0.1514800E+01  0.1812835E-01
  0.1520500E+01  0.2003983E-01
  0.1526200E+01  0.2166266E-01
  0.1531900E+01  0.2297533E-01
  0.1537600E+01  0.2396105E-01
  0.1543300E+01  0.2460787E-01
  0.1549000E+01  0.2490876E-01
  0.1554700E+01  0.2486166E-01
  0.1560400E+01  0.2446937E-01
  0.1566100E+01  0.2373945E-01
  0.1571800E+01  0.2268402E-01
  0.1577500E+01  0.2131950E-01
  0.1583200E+01  0.1966632E-01
  0.1588900E+01  0.1774855E-01
  0.1594600E+01  0.1559352E-01
  0.1600300E+01  0.1323136E-01
  0.1606000E+01  0.1069458E-01
  0.1611700E+01  0.8017584E-02
  0.1617400E+01  0.5236139E-02
  0.1623100E+01  0.2386929E-02
  0.1628800E+01 -0.4929707E-03
  0.1634500E+01 -0.3366574E-02
  0.1640200E+01 -0.6197461E-02
  0.1645900E+01 -0.8950235E-02
  0.1651600E+01 -0.1159095E-01
  0.1657300E+01 -0.1408752E-01
  0.1663000E+01 -0.1641007E-01
  0.1668700E+01 -0.1853127E-01
  0.1674400E+01 -0.2042665E-01
  0.1680100E+01 -0.2207479E-01
  0.1685800E+01 -0.2345757E-01
  0.1691500E+01 -0.2456031E-01
  0.1697200E+01 -0.2537185E-01
  0.1702900E+01 -0.2588465E-01
  0.1708600E+01 -0.2609479E-01
  0.1714300E+01 -0.2600194E-01
  0.1720000E+01 -0.2560927E-01
  0.1725700E+01 -0.2492340E-01
  0.1731400E+01 -0.2395417E-01
  0.1737100E+01 -0.2271454E-01
  0.1742800E+01 -0.2122032E-01
  0.1748500E+01 -0.1948994E-01
  0.1754200E+01 -0.1754421E-01
  0.1759900E+01 -0.1540603E-01
  0.1765600E+01 -0.1310005E-01
  0.1771300E+01 -0.1065244E-01
  0.1777000E+01 -0.8090473E-02
  0.1782700E+01 -0.5442296E-02
  0.1788400E+01 -0.2736549E-02
  0.1794100E+01 -0.2065590E-05
  0.1799800E+01  0.2732440E-02
  0.1805500E+01  0.5438672E-02
  0.1811200E+01  0.8089046E-02
  0.1816900E+01  0.1065696E-01
  0.1822600E+01  0.1311703E-01
  0.1828300E+01  0.1544538E-01
  0.1834000E+01  0.1761976E-01
  0.1839700E+01  0.1961984E-01
  0.1845400E+01  0.2142728E-01
  0.1851100E+01  0.2302593E-01
  0.1856800E+01  0.2440192E-01
  0.1862500E+01  0.2554373E-01
  0.1868200E+01  0.2644228E-01
  0.1873900E+01  0.2709094E-01
  0.1879600E+01  0.2748556E-01
  0.1885300E+01  0.2762440E-01
  0.1891000E+01  0.2750818E-01
  0.1896700E+01  0.2713993E-01
  0.1902400E+01  0.2652496E-01
  0.1908100E+01  0.2567074E-01
  0.1913800E+01  0.2458679E-01
  0.1919500E+01  0.2328454E-01
  0.1925200E+01  0.2177718E-01
  0.1930900E+01  0.2007949E-01
  0.1936600E+01  0.1820772E-01
  0.1942300E+01  0.1617934E-01
  0.1948000E+01  0.1401290E-01
  0.1953700E+01  0.1172785E-01
  0.1959400E+01  0.9344330E-02
  0.1965100E+01  0.6882978E-02
  0.1970800E+01  0.4364760E-02
  0.1976500E+01  0.1810772E-02
  0.1982200E+01 -0.7579355E-03
  0.1987900E+01 -0.3320532E-02
  0.1993600E+01 -0.5856575E-02
  0.1999300E+01 -0.8346169E-02
  0.2005000E+01 -0.1077011E-01
  0.2010700E+01 -0.1311003E-01
  0.2016400E+01 -0.1534852E-01
  0.2022100E+01 -0.1746924E-01
  0.2027800E+01 -0.1945704E-01
  0.2033500E+01 -0.2129802E-01
  0.2039200E+01 -0.2297964E-01
  0.2044900E+01 -0.2449075E-01
  0.2050600E+01 -0.2582166E-01
  0.2056300E+01 -0.2696419E-01
  0.2062000E+01 -0.2791166E-01
  0.2067700E+01 -0.2865894E-01
  0.2073400E+01 -0.2920240E-01
  0.2079100E+01 -0.2953996E-01
  0.2084800E+01 -0.2967101E-01
  0.2090500E+01 -0.2959642E-01
  0.2096200E+01 -0.2931848E-01
  0.2101900E+01 -0.2884082E-01
  0.2107600E+01 -0.2816840E-01
  0.2113300E+01 -0.2730742E-01
  0.2119000E+01 -0.2626522E-01
  0.2124700E+01 -0.2505025E-01
  0.2130400E+01 -0.2367195E-01
  0.2136100E+01 -0.2214064E-01
  0.2141800E+01 -0.2046750E-01
  0.2147500E+01 -0.1866439E-01
  0.2153200E+01 -0.1674382E-01
  0.2158900E+01 -0.1471882E-01
  0.2164600E+01 -0.1260282E-01
  0.2170300E+01 -0.1040961E-01
  0.2176000E+01 -0.8153190E-02
  0.2181700E+01 -0.5847716E-02
  0.2187400E+01 -0.3507372E-02
  0.2193100E+01 -0.1146304E-02
  0.2198800E+01  0.1221476E-02
  0.2204500E+01  0.3582169E-02
  0.2210200E+01  0.5922268E-02
  0.2215900E+01  0.8228632E-02
  0.2221600E+01  0.1048855E-01
  0.2227300E+01  0.1268982E-01
  0.2233000E+01  0.1482079E-01
  0.2238700E+01  0.1687040E-01
  0.2244400E+01  0.1882828E-01
  0.2250100E+01  0.2068472E-01
  0.2255800E+01  0.2243078E-01
  0.2261500E+01  0.2405825E-01
  0.2267200E+01  0.2555974E-01
  0.2272900E+01  0.2692864E-01
  0.2278600E+01  0.2815917E-01
  0.2284300E+01  0.2924640E-01
  0.2290000E+01  0.3018620E-01
  0.2295700E+01  0.3097530E-01
  0.2301400E+01  0.3161124E-01
  0.2307100E+01  0.3209238E-01
  0.2312800E+01  0.3241789E-01
  0.2318500E+01  0.3258772E-01
  0.2324200E+01  0.3260256E-01
  0.2329900E+01  0.3246386E-01
  0.2335600E+01  0.3217378E-01
  0.2341300E+01  0.3173514E-01
  0.2347000E+01  0.3115141E-01
  0.2352700E+01  0.3042667E-01
  0.2358400E+01  0.2956557E-01
  0.2364100E+01  0.2857329E-01
  0.2369800E+01  0.2745550E-01
  0.2375500E+01  0.2621831E-01
  0.2381200E+01  0.2486827E-01
  0.2386900E+01  0.2341225E-01
  0.2392600E+01  0.2185748E-01
  0.2398300E+01  0.2021146E-01
  0.2404000E+01  0.1848191E-01
  0.2409700E+01  0.1667677E-01
  0.2415400E+01  0.1480412E-01
  0.2421100E+01  0.1287217E-01
  0.2426800E+01  0.1088919E-01
  0.2432500E+01  0.8863481E-02
  0.2438200E+01  0.6803363E-02
  0.2443900E+01  0.4717110E-02
  0.2449600E+01  0.2612926E-02
  0.2455300E+01  0.4989151E-03
  0.2461000E+01 -0.1616952E-02
  0.2466700E+01 -0.3726867E-02
  0.2472400E+01 -0.5823209E-02
  0.2478100E+01 -0.7898569E-02
  0.2483800E+01 -0.9945778E-02
  0.2489500E+01 -0.1195792E-01
  0.2495200E+01 -0.1392837E-01
  0.2500900E+01 -0.1585077E-01
  0.2506600E+01 -0.1771910E-01
  0.2512300E+01 -0.1952765E-01
  0.2518000E+01 -0.2127104E-01
  0.2523700E+01 -0.2294425E-01
  0.2529400E+01 -0.2454260E-01
  0.2535100E+01 -0.2606177E-01
  0.2540800E+01 -0.2749781E-01
  0.2546500E+01 -0.2884712E-01
  0.2552200E+01 -0.3010648E-01
  0.2557900E+01 -0.3127304E-01
  0.2563600E+01 -0.3234430E-01
  0.2569300E+01 -0.3331813E-01
  0.2575000E+01 -0.3419276E-01
  0.2580700E+01 -0.3496677E-01
  0.2586400E+01 -0.3563908E-01
  0.2592100E+01 -0.3620895E-01
  0.2597800E+01 -0.3667596E-01
  0.2603500E+01 -0.3704002E-01
  0.2609200E+01 -0.3730136E-01
  0.2614900E+01 -0.3746047E-01
  0.2620600E+01 -0.3751816E-01
  0.2626300E+01 -0.3747550E-01
  0.2632000E+01 -0.3733381E-01
  0.2637700E+01 -0.3709469E-01
  0.2643400E+01 -0.3675993E-01
  0.2649100E+01 -0.3633157E-01
  0.2654800E+01 -0.3581184E-01
  0.2660500E+01 -0.3520319E-01
  0.2666200E+01 -0.3450820E-01
  0.2671900E+01 -0.3372967E-01
  0.2677600E+01 -0.3287049E-01
  0.2683300E+01 -0.3193374E-01
  0.2689000E+01 -0.3092258E-01
  0.2694700E+01 -0.2984031E-01
  0.2700400E+01 -0.2869030E-01
  0.2706100E+01 -0.2747601E-01
  0.2711800E+01 -0.2620096E-01
  0.2717500E+01 -0.2486876E-01
  0.2723200E+01 -0.2348301E-01
  0.2728900E+01 -0.2204739E-01
  0.2734600E+01 -0.2056557E-01
  0.2740300E+01 -0.1904123E-01
  0.2746000E+01 -0.1747807E-01
  0.2751700E+01 -0.1587977E-01
  0.2757400E+01 -0.1424997E-01
  0.2763100E+01 -0.1259231E-01
  0.2768800E+01 -0.1091037E-01
  0.2774500E+01 -0.9207680E-02
  0.2780200E+01 -0.7487740E-02
  0.2785900E+01 -0.5753967E-02
  0.2791600E+01 -0.4009719E-02
  0.2797300E+01 -0.2258276E-02
  0.2803000E+01 -0.5028399E-03
  0.2808700E+01  0.1253472E-02
  0.2814400E+01  0.3007632E-02
  0.2820100E+01  0.4756708E-02
  0.2825800E+01  0.6497864E-02
  0.2831500E+01  0.8228365E-02
  0.2837200E+01  0.9945581E-02
  0.2842900E+01  0.1164699E-01
  0.2848600E+01  0.1333016E-01
  0.2854300E+01  0.1499281E-01
  0.2860000E+01  0.1663272E-01
  0.2865700E+01  0.1824782E-01
  0.2871400E+01  0.1983614E-01
  0.2877100E+01  0.2139581E-01
  0.2882800E+01  0.2292510E-01
  0.2888500E+01  0.2442237E-01
  0.2894200E+01  0.2588609E-01
  0.2899900E+01  0.2731487E-01
  0.2905600E+01  0.2870738E-01
  0.2911300E+01  0.3006246E-01
  0.2917000E+01  0.3137900E-01
  0.2922700E+01  0.3265603E-01
  0.2928400E+01  0.3389266E-01
  0.2934100E+01  0.3508812E-01
  0.2939800E+01  0.3624174E-01
  0.2945500E+01  0.3735292E-01
  0.2951200E+01  0.3842117E-01
  0.2956900E+01  0.3944609E-01
  0.2962600E+01  0.4042738E-01
  0.2968300E+01  0.4136480E-01
  0.2974000E+01  0.4225821E-01
  0.2979700E+01  0.4310753E-01
  0.2985400E+01  0.4391278E-01
  0.2991100E+01  0.4467404E-01
  0.2996800E+01  0.4539146E-01
  0.3002500E+01  0.4606526E-01
  0.3008200E+01  0.4669571E-01
  0.3013900E+01  0.4728316E-01
  0.3019600E+01  0.4782800E-01
  0.3025300E+01  0.4833068E-01
  0.3031000E+01  0.4879172E-01
  0.3036700E+01  0.4921165E-01
  0.3042400E+01  0.4959107E-01
  0.3048100E+01  0.4993062E-01
  0.3053800E+01  0.5023096E-01
  0.3059500E+01  0.5049283E-01
  0.3065200E+01  0.5071694E-01
  0.3070900E+01  0.5090408E-01
  0.3076600E+01  0.5105506E-01
  0.3082300E+01  0.5117069E-01
  0.3088000E+01  0.5125182E-01
  0.3093700E+01  0.5129933E-01
  0.3099400E+01  0.5131410E-01
  0.3105100E+01  0.5129703E-01
  0.3110800E+01  0.5124903E-01
  0.3116500E+01  0.5117104E-01
  0.3122200E+01  0.5106397E-01
  0.3127900E+01  0.5092878E-01
  0.3133600E+01  0.5076641E-01
  0.3139300E+01  0.5057780E-01
  0.3145000E+01  0.5036391E-01
  0.3150700E+01  0.5012568E-01
  0.3156400E+01  0.4986406E-01
  0.3162100E+01  0.4957999E-01
  0.3167800E+01  0.4927442E-01
  0.3173500E+01  0.4894827E-01
  0.3179200E+01  0.4860246E-01
  0.3184900E+01  0.4823792E-01
  0.3190600E+01  0.4785555E-01
  0.3196300E+01  0.4745623E-01
  0.3202000E+01  0.4704087E-01
  0.3207700E+01  0.4661031E-01
  0.3213400E+01  0.4616543E-01
  0.3219100E+01  0.4570705E-01
  0.3224800E+01  0.4523602E-01
  0.3230500E+01  0.4475313E-01
  0.3236200E+01  0.4425919E-01
  0.3241900E+01  0.4375496E-01
  0.3247600E+01  0.4324122E-01
  0.3253300E+01  0.4271871E-01
  0.3259000E+01  0.4218814E-01
  0.3264700E+01  0.4165022E-01
  0.3270400E+01  0.4110565E-01
  0.3276100E+01  0.4055509E-01
  0.3281800E+01  0.3999919E-01
  0.3287500E+01  0.3943858E-01
  0.3293200E+01  0.3887388E-01
  0.3298900E+01  0.3830567E-01
  0.3304600E+01  0.3773453E-01
  0.3310300E+01  0.3716102E-01
  0.3316000E+01  0.3658566E-01
  0.3321700E+01  0.3600898E-01
  0.3327400E+01  0.3543147E-01
  0.3333100E+01  0.3485361E-01
  0.3338800E+01  0.3427585E-01
  0.3344500E+01  0.3369865E-01
  0.3350200E+01  0.3312242E-01
  0.3355900E+01  0.3254756E-01
  0.3361600E+01  0.3197447E-01
  0.3367300E+01  0.3140352E-01
  0.3373000E+01  0.3083505E-01
  0.3378700E+01  0.3026940E-01
  0.3384400E+01  0.2970689E-01
  0.3390100E+01  0.2914783E-01
  0.3395800E+01  0.2859250E-01
  0.3401500E+01  0.2804117E-01
  0.3407200E+01  0.2749410E-01
  0.3412900E+01  0.2695153E-01
  0.3418600E+01  0.2641368E-01
  0.3424300E+01  0.2588077E-01
  0.3430000E+01  0.2535300E-01
  0.3435700E+01  0.2483055E-01
  0.3441400E+01  0.2431359E-01
  0.3447100E+01  0.2380228E-01
  0.3452800E+01  0.2329678E-01
  0.3458500E+01  0.2279721E-01
  0.3464200E+01  0.2230370E-01
  0.3469900E+01  0.2181636E-01
  0.3475600E+01  0.2133530E-01
  0.3481300E+01  0.2086060E-01
  0.3487000E+01  0.2039234E-01
  0.3492700E+01  0.1993060E-01
  0.3498400E+01  0.1947544E-01
  0.3504100E+01  0.1902691E-01
  0.3509800E+01  0.1858505E-01
  0.3515500E+01  0.1814991E-01
  0.3521200E+01  0.1772150E-01
  0.3526900E+01  0.1729986E-01
  0.3532600E+01  0.1688498E-01
  0.3538300E+01  0.1647689E-01
  0.3544000E+01  0.1607557E-01
  0.3549700E+01  0.1568102E-01
  0.3555400E+01  0.1529322E-01
  0.3561100E+01  0.1491216E-01
  0.3566800E+01  0.1453782E-01
  0.3572500E+01  0.1417015E-01
  0.3578200E+01  0.1380913E-01
  0.3583900E+01  0.1345472E-01
  0.3589600E+01  0.1310687E-01
  0.3595300E+01  0.1276553E-01
  0.3601000E+01  0.1243065E-01
  0.3606700E+01  0.1210217E-01
  0.3612400E+01  0.1178004E-01
  0.3618100E+01  0.1146418E-01
  0.3623800E+01  0.1115454E-01
  0.3629500E+01  0.1085104E-01
  0.3635200E+01  0.1055362E-01
  0.3640900E+01  0.1026218E-01
  0.3646600E+01  0.9976671E-02
  0.3652300E+01  0.9696997E-02
  0.3658000E+01  0.9423081E-02
  0.3663700E+01  0.9154839E-02
  0.3669400E+01  0.8892186E-02
  0.3675100E+01  0.8635035E-02
  0.3680800E+01  0.8383298E-02
  0.3686500E+01  0.8136885E-02
  0.3692200E+01  0.7895706E-02
  0.3697900E+01  0.7659669E-02
  0.3703600E+01  0.7428681E-02
  0.3709300E+01  0.7202648E-02
  0.3715000E+01  0.6981477E-02
  0.3720700E+01  0.6765072E-02
  0.3726400E+01  0.6553338E-02
  0.3732100E+01  0.6346179E-02
  0.3737800E+01  0.6143498E-02
  0.3743500E+01  0.5945199E-02
  0.3749200E+01  0.5751184E-02
  0.3754900E+01  0.5561357E-02
  0.3760600E+01  0.5375620E-02
  0.3766300E+01  0.5193877E-02
  0.3772000E+01  0.5016029E-02
  0.3777700E+01  0.4841979E-02
  0.3783400E+01  0.4671630E-02
  0.3789100E+01  0.4504886E-02
  0.3794800E+01  0.4341649E-02
  0.3800500E+01  0.4181822E-02
  0.3806200E+01  0.4025309E-02
  0.3811900E+01  0.3872013E-02
  0.3817600E+01  0.3721838E-02
  0.3823300E+01  0.3574689E-02
  0.3829000E+01  0.3430469E-02
  0.3834700E+01  0.3289084E-02
  0.3840400E+01  0.3150438E-02
  0.3846100E+01  0.3014436E-02
  0.3851800E+01  0.2880985E-02
  0.3857500E+01  0.2749989E-02
  0.3863200E+01  0.2621354E-02
  0.3868900E+01  0.2494987E-02
  0.3874600E+01  0.2370795E-02
  0.3880300E+01  0.2248683E-02
  0.3886000E+01  0.2128559E-02
  0.3891700E+01  0.2010329E-02
  0.3897400E+01  0.1893901E-02
  0.3903100E+01  0.1779182E-02
  0.3908800E+01  0.1666079E-02
  0.3914500E+01  0.1554498E-02
  0.3920200E+01  0.1444348E-02
  0.3925900E+01  0.1335536E-02
  0.3931600E+01  0.1227968E-02
  0.3937300E+01  0.1121552E-02
  0.3943000E+01  0.1016193E-02
  0.3948700E+01  0.9117990E-03
  0.3954400E+01  0.8082755E-03
  0.3960100E+01  0.7055283E-03
  0.3965800E+01  0.6034625E-03
  0.3971500E+01  0.5019829E-03
  0.3977200E+01  0.4009937E-03
  0.3982900E+01  0.3003984E-03
  0.3988600E+01  0.2000998E-03
  0.3994300E+01  0.1000000E-03
  0.4000000E+01  0.0000000E+00
