  0.1000000E-01 -0.0000000E+00
  0.1570000E-01 -0.2674613E-06
  0.2140000E-01 -0.5810039E-06
  0.2710000E-01 -0.9923345E-06
  0.3280000E-01 -0.1566805E-05
  0.3850000E-01 -0.2392846E-05
  0.4420000E-01 -0.3594078E-05
  0.4990000E-01 -0.5345567E-05
  0.5560000E-01 -0.7896075E-05
  0.6130000E-01 -0.1159872E-04
  0.6700000E-01 -0.1695325E-04
  0.7270000E-01 -0.2466412E-04
  0.7840000E-01 -0.3572007E-04
  0.8410000E-01 -0.5150264E-04
  0.8980000E-01 -0.7393335E-04
  0.9550000E-01 -0.1056726E-03
  0.1012000E+00 -0.1503869E-03
  0.1069000E+00 -0.2131063E-03
  0.1126000E+00 -0.3006997E-03
  0.1183000E+00 -0.4225055E-03
  0.1240000E+00 -0.5911611E-03
  0.1297000E+00 -0.8236917E-03
  0.1354000E+00 -0.1142931E-02
  0.1411000E+00 -0.1579367E-02
  0.1468000E+00 -0.2173524E-02
  0.1525000E+00 -0.2979032E-02
  0.1582000E+00 -0.4066546E-02
  0.1639000E+00 -0.5528745E-02
  0.1696000E+00 -0.7486659E-02
  0.1753000E+00 -0.1009765E-01
  0.1810000E+00 -0.1356544E-01
  0.1867000E+00 -0.1815256E-01
  0.1924000E+00 -0.2419596E-01
  0.1981000E+00 -0.3212610E-01
  0.2038000E+00 -0.4249061E-01
  0.2095000E+00 -0.5598312E-01
  0.2152000E+00 -0.7347839E-01
  0.2209000E+00 -0.9607483E-01
  0.2266000E+00 -0.1251457E+00
  0.2323000E+00 -0.1624005E+00
  0.2380000E+00 -0.2099580E+00
  0.2437000E+00 -0.2704330E+00
  0.2494000E+00 -0.3470382E+00
  0.2551000E+00 -0.4437041E+00
  0.2608000E+00 -0.5652180E+00
  0.2665000E+00 -0.7173857E+00
  0.2722000E+00 -0.9072171E+00
  0.2779000E+00 -0.1143139E+01
  0.2836000E+00 -0.1435235E+01
  0.2893000E+00 -0.1795521E+01
  0.2950000E+00 -0.2238249E+01
  0.3007000E+00 -0.2780245E+01
  0.3064000E+00 -0.3441289E+01
  0.3121000E+00 -0.4244522E+01
  0.3178000E+00 -0.5216895E+01
  0.3235000E+00 -0.6389644E+01
  0.3292000E+00 -0.7798808E+01
  0.3349000E+00 -0.9485759E+01
  0.3406000E+00 -0.1149776E+02
  0.3463000E+00 -0.1388854E+02
  0.3520000E+00 -0.1671886E+02
  0.3577000E+00 -0.2005708E+02
  0.3634000E+00 -0.2397971E+02
  0.3691000E+00 -0.2857188E+02
  0.3748000E+00 -0.3392781E+02
  0.3805000E+00 -0.4015117E+02
  0.3862000E+00 -0.4735530E+02
  0.3919000E+00 -0.5566337E+02
  0.3976000E+00 -0.6520829E+02
  0.4033000E+00 -0.7613253E+02
  0.4090000E+00 -0.8858765E+02
  0.4147000E+00 -0.1027336E+03
  0.4204000E+00 -0.1187376E+03
  0.4261000E+00 -0.1367731E+03
  0.4318000E+00 -0.1570178E+03
  0.4375000E+00 -0.1796520E+03
  0.4432000E+00 -0.2048560E+03
  0.4489000E+00 -0.2328070E+03
  0.4546000E+00 -0.2636765E+03
  0.4603000E+00 -0.2976262E+03
  0.4660000E+00 -0.3348044E+03
  0.4717000E+00 -0.3753410E+03
  0.4774000E+00 -0.4193435E+03
  0.4831000E+00 -0.4668915E+03
  0.4888000E+00 -0.5180316E+03
  0.4945000E+00 -0.5727723E+03
  0.5002000E+00 -0.6310779E+03
  0.5059000E+00 -0.6928639E+03
  0.5116000E+00 -0.7579911E+03
  0.5173000E+00 -0.8262609E+03
  0.5230000E+00 -0.8974111E+03
  0.5287000E+00 -0.9711112E+03
  0.5344000E+00 -0.1046960E+04
  0.5401000E+00 -0.1124483E+04
  0.5458000E+00 -0.1203130E+04
  0.5515000E+00 -0.1282277E+04
  0.5572000E+00 -0.1361226E+04
  0.5629000E+00 -0.1439209E+04
  0.5686000E+00 -0.1515389E+04
  0.5743000E+00 -0.1588872E+04
  0.5800000E+00 -0.1658707E+04
  0.5857000E+00 -0.1723902E+04
  0.5914000E+00 -0.1783430E+04
  0.5971000E+00 -0.1836247E+04
  0.6028000E+00 -0.1881300E+04
  0.6085000E+00 -0.1917548E+04
  0.6142000E+00 -0.1943977E+04
  0.6199000E+00 -0.1959619E+04
  0.6256000E+00 -0.1963570E+04
  0.6313000E+00 -0.1955007E+04
  0.6370000E+00 -0.1933215E+04
  0.6427000E+00 -0.1897596E+04
  0.6484000E+00 -0.1847698E+04
  0.6541000E+00 -0.1783224E+04
  0.6598000E+00 -0.1704054E+04
  0.6655000E+00 -0.1610254E+04
  0.6712000E+00 -0.1502094E+04
  0.6769000E+00 -0.1380052E+04
  0.6826000E+00 -0.1244823E+04
  0.6883000E+00 -0.1097318E+04
  0.6940000E+00 -0.9386678E+03
  0.6997000E+00 -0.7702141E+03
  0.7054000E+00 -0.5935019E+03
  0.7111000E+00 -0.4102658E+03
  0.7168000E+00 -0.2224127E+03
  0.7225000E+00 -0.3200026E+02
  0.7282000E+00  0.1587882E+03
  0.7339000E+00  0.3476729E+03
  0.7396000E+00  0.5323094E+03
  0.7453000E+00  0.7103234E+03
  0.7510000E+00  0.8793479E+03
  0.7567000E+00  0.1037061E+04
  0.7624000E+00  0.1181228E+04
  0.7681000E+00  0.1309736E+04
  0.7738000E+00  0.1420638E+04
  0.7795000E+00  0.1512187E+04
  0.7852000E+00  0.1582877E+04
  0.7909000E+00  0.1631466E+04
  0.7966000E+00  0.1657016E+04
  0.8023000E+00  0.1658911E+04
  0.8080000E+00  0.1636877E+04
  0.8137000E+00  0.1591001E+04
  0.8194000E+00  0.1521733E+04
  0.8251000E+00  0.1429893E+04
  0.8308000E+00  0.1316665E+04
  0.8365000E+00  0.1183585E+04
  0.8422000E+00  0.1032525E+04
  0.8479000E+00  0.8656658E+03
  0.8536000E+00  0.6854719E+03
  0.8593000E+00  0.4946509E+03
  0.8650000E+00  0.2961147E+03
  0.8707000E+00  0.9293359E+02
  0.8764000E+00 -0.1117131E+03
  0.8821000E+00 -0.3145892E+03
  0.8878000E+00 -0.5124551E+03
  0.8935000E+00 -0.7021235E+03
  0.8992000E+00 -0.8805136E+03
  0.9049000E+00 -0.1044705E+04
  0.9106000E+00 -0.1191989E+04
  0.9163000E+00 -0.1319918E+04
  0.9220000E+00 -0.1426347E+04
  0.9277000E+00 -0.1509478E+04
  0.9334000E+00 -0.1567889E+04
  0.9391000E+00 -0.1600561E+04
  0.9448000E+00 -0.1606902E+04
  0.9505000E+00 -0.1586756E+04
  0.9562000E+00 -0.1540412E+04
  0.9619000E+00 -0.1468595E+04
  0.9676000E+00 -0.1372461E+04
  0.9733000E+00 -0.1253578E+04
  0.9790000E+00 -0.1113896E+04
  0.9847000E+00 -0.9557203E+03
  0.9904000E+00 -0.7816674E+03
  0.9961000E+00 -0.5946242E+03
  0.1001800E+01 -0.3976972E+03
  0.1007500E+01 -0.1941595E+03
  0.1013200E+01  0.1260520E+02
  0.1018900E+01  0.2191605E+03
  0.1024600E+01  0.4220759E+03
  0.1030300E+01  0.6179859E+03
  0.1036000E+01  0.8036464E+03
  0.1041700E+01  0.9759902E+03
  0.1047400E+01  0.1132179E+04
  0.1053100E+01  0.1269648E+04
  0.1058800E+01  0.1386154E+04
  0.1064500E+01  0.1479806E+04
  0.1070200E+01  0.1549099E+04
  0.1075900E+01  0.1592936E+04
  0.1081600E+01  0.1610645E+04
  0.1087300E+01  0.1601987E+04
  0.1093000E+01  0.1567160E+04
  0.1098700E+01  0.1506788E+04
  0.1104400E+01  0.1421914E+04
  0.1110100E+01  0.1313974E+04
  0.1115800E+01  0.1184773E+04
  0.1121500E+01  0.1036453E+04
  0.1127200E+01  0.8714544E+03
  0.1132900E+01  0.6924726E+03
  0.1138600E+01  0.5024128E+03
  0.1144300E+01  0.3043403E+03
  0.1150000E+01  0.1014297E+03
  0.1155700E+01 -0.1030881E+03
  0.1161400E+01 -0.3059780E+03
  0.1167100E+01 -0.5040531E+03
  0.1172800E+01 -0.6942250E+03
  0.1178500E+01 -0.8735522E+03
  0.1184200E+01 -0.1039285E+04
  0.1189900E+01 -0.1188906E+04
  0.1195600E+01 -0.1320171E+04
  0.1201300E+01 -0.1431133E+04
  0.1207000E+01 -0.1520178E+04
  0.1212700E+01 -0.1586041E+04
  0.1218400E+01 -0.1627821E+04
  0.1224100E+01 -0.1644993E+04
  0.1229800E+01 -0.1637408E+04
  0.1235500E+01 -0.1605294E+04
  0.1241200E+01 -0.1549242E+04
  0.1246900E+01 -0.1470198E+04
  0.1252600E+01 -0.1369440E+04
  0.1258300E+01 -0.1248554E+04
  0.1264000E+01 -0.1109408E+04
  0.1269700E+01 -0.9541196E+03
  0.1275400E+01 -0.7850184E+03
  0.1281100E+01 -0.6046117E+03
  0.1286800E+01 -0.4155434E+03
  0.1292500E+01 -0.2205538E+03
  0.1298200E+01 -0.2243854E+02
  0.1303900E+01  0.1759930E+03
  0.1309600E+01  0.3719578E+03
  0.1315300E+01  0.5627384E+03
  0.1321000E+01  0.7457203E+03
  0.1326700E+01  0.9184275E+03
  0.1332400E+01  0.1078554E+04
  0.1338100E+01  0.1223993E+04
  0.1343800E+01  0.1352865E+04
  0.1349500E+01  0.1463535E+04
  0.1355200E+01  0.1554634E+04
  0.1360900E+01  0.1625073E+04
  0.1366600E+01  0.1674049E+04
  0.1372300E+01  0.1701056E+04
  0.1378000E+01  0.1705882E+04
  0.1383700E+01  0.1688605E+04
  0.1389400E+01  0.1649593E+04
  0.1395100E+01  0.1589487E+04
  0.1400800E+01  0.1509190E+04
  0.1406500E+01  0.1409850E+04
  0.1412200E+01  0.1292841E+04
  0.1417900E+01  0.1159739E+04
  0.1423600E+01  0.1012301E+04
  0.1429300E+01  0.8524361E+03
  0.1435000E+01  0.6821799E+03
  0.1440700E+01  0.5036666E+03
  0.1446400E+01  0.3191003E+03
  0.1452100E+01  0.1307267E+03
  0.1457800E+01 -0.5919530E+02
  0.1463500E+01 -0.2484213E+03
  0.1469200E+01 -0.4347477E+03
  0.1474900E+01 -0.6160376E+03
  0.1480600E+01 -0.7902442E+03
  0.1486300E+01 -0.9554329E+03
  0.1492000E+01 -0.1109802E+04
  0.1497700E+01 -0.1251699E+04
  0.1503400E+01 -0.1379638E+04
  0.1509100E+01 -0.1492314E+04
  0.1514800E+01 -0.1588607E+04
  0.1520500E+01 -0.1667601E+04
  0.1526200E+01 -0.1728579E+04
  0.1531900E+01 -0.1771032E+04
  0.1537600E+01 -0.1794659E+04
  0.1543300E+01 -0.1799364E+04
  0.1549000E+01 -0.1785254E+04
  0.1554700E+01 -0.1752631E+04
  0.1560400E+01 -0.1701984E+04
  0.1566100E+01 -0.1633981E+04
  0.1571800E+01 -0.1549456E+04
  0.1577500E+01 -0.1449398E+04
  0.1583200E+01 -0.1334934E+04
  0.1588900E+01 -0.1207317E+04
  0.1594600E+01 -0.1067907E+04
  0.1600300E+01 -0.9181579E+03
  0.1606000E+01 -0.7595974E+03
  0.1611700E+01 -0.5938123E+03
  0.1617400E+01 -0.4224297E+03
  0.1623100E+01 -0.2471011E+03
  0.1628800E+01 -0.6948522E+02
  0.1634500E+01  0.1087680E+03
  0.1640200E+01  0.2860328E+03
  0.1645900E+01  0.4607222E+03
  0.1651600E+01  0.6313023E+03
  0.1657300E+01  0.7963045E+03
  0.1663000E+01  0.9543372E+03
  0.1668700E+01  0.1104097E+04
  0.1674400E+01  0.1244377E+04
  0.1680100E+01  0.1374077E+04
  0.1685800E+01  0.1492206E+04
  0.1691500E+01  0.1597894E+04
  0.1697200E+01  0.1690390E+04
  0.1702900E+01  0.1769069E+04
  0.1708600E+01  0.1833432E+04
  0.1714300E+01  0.1883109E+04
  0.1720000E+01  0.1917853E+04
  0.1725700E+01  0.1937544E+04
  0.1731400E+01  0.1942184E+04
  0.1737100E+01  0.1931893E+04
  0.1742800E+01  0.1906905E+04
  0.1748500E+01  0.1867561E+04
  0.1754200E+01  0.1814307E+04
  0.1759900E+01  0.1747682E+04
  0.1765600E+01  0.1668316E+04
  0.1771300E+01  0.1576919E+04
  0.1777000E+01  0.1474272E+04
  0.1782700E+01  0.1361224E+04
  0.1788400E+01  0.1238677E+04
  0.1794100E+01  0.1107583E+04
  0.1799800E+01  0.9689318E+03
  0.1805500E+01  0.8237435E+03
  0.1811200E+01  0.6730610E+03
  0.1816900E+01  0.5179404E+03
  0.1822600E+01  0.3594438E+03
  0.1828300E+01  0.1986316E+03
  0.1834000E+01  0.3655472E+02
  0.1839700E+01 -0.1257522E+03
  0.1845400E+01 -0.2872773E+03
  0.1851100E+01 -0.4470374E+03
  0.1856800E+01 -0.6040843E+03
  0.1862500E+01 -0.7575091E+03
  0.1868200E+01 -0.9064475E+03
  0.1873900E+01 -0.1050083E+04
  0.1879600E+01 -0.1187653E+04
  0.1885300E+01 -0.1318447E+04
  0.1891000E+01 -0.1441814E+04
  0.1896700E+01 -0.1557164E+04
  0.1902400E+01 -0.1663964E+04
  0.1908100E+01 -0.1761747E+04
  0.1913800E+01 -0.1850107E+04
  0.1919500E+01 -0.1928703E+04
  0.1925200E+01 -0.1997252E+04
  0.1930900E+01 -0.2055539E+04
  0.1936600E+01 -0.2103405E+04
  0.1942300E+01 -0.2140753E+04
  0.1948000E+01 -0.2167542E+04
  0.1953700E+01 -0.2183789E+04
  0.1959400E+01 -0.2189562E+04
  0.1965100E+01 -0.2184982E+04
  0.1970800E+01 -0.2170218E+04
  0.1976500E+01 -0.2145482E+04
  0.1982200E+01 -0.2111031E+04
  0.1987900E+01 -0.2067162E+04
  0.1993600E+01 -0.2014205E+04
  0.1999300E+01 -0.1952526E+04
  0.2005000E+01 -0.1882518E+04
  0.2010700E+01 -0.1804603E+04
  0.2016400E+01 -0.1719223E+04
  0.2022100E+01 -0.1626842E+04
  0.2027800E+01 -0.1527940E+04
  0.2033500E+01 -0.1423010E+04
  0.2039200E+01 -0.1312556E+04
  0.2044900E+01 -0.1197089E+04
  0.2050600E+01 -0.1077124E+04
  0.2056300E+01 -0.9531797E+03
  0.2062000E+01 -0.8257720E+03
  0.2067700E+01 -0.6954147E+03
  0.2073400E+01 -0.5626158E+03
  0.2079100E+01 -0.4278757E+03
  0.2084800E+01 -0.2916851E+03
  0.2090500E+01 -0.1545232E+03
  0.2096200E+01 -0.1685584E+02
  0.2101900E+01  0.1208656E+03
  0.2107600E+01  0.2582060E+03
  0.2113300E+01  0.3947477E+03
  0.2119000E+01  0.5300912E+03
  0.2124700E+01  0.6638563E+03
  0.2130400E+01  0.7956831E+03
  0.2136100E+01  0.9252322E+03
  0.2141800E+01  0.1052185E+04
  0.2147500E+01  0.1176246E+04
  0.2153200E+01  0.1297140E+04
  0.2158900E+01  0.1414612E+04
  0.2164600E+01  0.1528434E+04
  0.2170300E+01  0.1638394E+04
  0.2176000E+01  0.1744306E+04
  0.2181700E+01  0.1846003E+04
  0.2187400E+01  0.1943340E+04
  0.2193100E+01  0.2036190E+04
  0.2198800E+01  0.2124450E+04
  0.2204500E+01  0.2208033E+04
  0.2210200E+01  0.2286872E+04
  0.2215900E+01  0.2360919E+04
  0.2221600E+01  0.2430142E+04
  0.2227300E+01  0.2494525E+04
  0.2233000E+01  0.2554070E+04
  0.2238700E+01  0.2608792E+04
  0.2244400E+01  0.2658721E+04
  0.2250100E+01  0.2703900E+04
  0.2255800E+01  0.2744385E+04
  0.2261500E+01  0.2780243E+04
  0.2267200E+01  0.2811552E+04
  0.2272900E+01  0.2838401E+04
  0.2278600E+01  0.2860885E+04
  0.2284300E+01  0.2879110E+04
  0.2290000E+01  0.2893189E+04
  0.2295700E+01  0.2903241E+04
  0.2301400E+01  0.2909391E+04
  0.2307100E+01  0.2911770E+04
  0.2312800E+01  0.2910513E+04
  0.2318500E+01  0.2905757E+04
  0.2324200E+01  0.2897645E+04
  0.2329900E+01  0.2886320E+04
  0.2335600E+01  0.2871928E+04
  0.2341300E+01  0.2854616E+04
  0.2347000E+01  0.2834531E+04
  0.2352700E+01  0.2811822E+04
  0.2358400E+01  0.2786636E+04
  0.2364100E+01  0.2759119E+04
  0.2369800E+01  0.2729417E+04
  0.2375500E+01  0.2697674E+04
  0.2381200E+01  0.2664031E+04
  0.2386900E+01  0.2628628E+04
  0.2392600E+01  0.2591603E+04
  0.2398300E+01  0.2553088E+04
  0.2404000E+01  0.2513217E+04
  0.2409700E+01  0.2472115E+04
  0.2415400E+01  0.2429907E+04
  0.2421100E+01  0.2386714E+04
  0.2426800E+01  0.2342653E+04
  0.2432500E+01  0.2297835E+04
  0.2438200E+01  0.2252370E+04
  0.2443900E+01  0.2206363E+04
  0.2449600E+01  0.2159913E+04
  0.2455300E+01  0.2113117E+04
  0.2461000E+01  0.2066066E+04
  0.2466700E+01  0.2018848E+04
  0.2472400E+01  0.1971546E+04
  0.2478100E+01  0.1924240E+04
  0.2483800E+01  0.1877004E+04
  0.2489500E+01  0.1829909E+04
  0.2495200E+01  0.1783022E+04
  0.2500900E+01  0.1736405E+04
  0.2506600E+01  0.1690116E+04
  0.2512300E+01  0.1644210E+04
  0.2518000E+01  0.1598739E+04
  0.2523700E+01  0.1553749E+04
  0.2529400E+01  0.1509284E+04
  0.2535100E+01  0.1465385E+04
  0.2540800E+01  0.1422087E+04
  0.2546500E+01  0.1379424E+04
  0.2552200E+01  0.1337428E+04
  0.2557900E+01  0.1296124E+04
  0.2563600E+01  0.1255537E+04
  0.2569300E+01  0.1215689E+04
  0.2575000E+01  0.1176599E+04
  0.2580700E+01  0.1138282E+04
  0.2586400E+01  0.1100754E+04
  0.2592100E+01  0.1064025E+04
  0.2597800E+01  0.1028104E+04
  0.2603500E+01  0.9930000E+03
  0.2609200E+01  0.9587170E+03
  0.2614900E+01  0.9252587E+03
  0.2620600E+01  0.8926267E+03
  0.2626300E+01  0.8608213E+03
  0.2632000E+01  0.8298408E+03
  0.2637700E+01  0.7996823E+03
  0.2643400E+01  0.7703415E+03
  0.2649100E+01  0.7418130E+03
  0.2654800E+01  0.7140900E+03
  0.2660500E+01  0.6871649E+03
  0.2666200E+01  0.6610289E+03
  0.2671900E+01  0.6356724E+03
  0.2677600E+01  0.6110852E+03
  0.2683300E+01  0.5872559E+03
  0.2689000E+01  0.5641729E+03
  0.2694700E+01  0.5418237E+03
  0.2700400E+01  0.5201955E+03
  0.2706100E+01  0.4992749E+03
  0.2711800E+01  0.4790481E+03
  0.2717500E+01  0.4595009E+03
  0.2723200E+01  0.4406190E+03
  0.2728900E+01  0.4223877E+03
  0.2734600E+01  0.4047922E+03
  0.2740300E+01  0.3878175E+03
  0.2746000E+01  0.3714484E+03
  0.2751700E+01  0.3556698E+03
  0.2757400E+01  0.3404665E+03
  0.2763100E+01  0.3258233E+03
  0.2768800E+01  0.3117250E+03
  0.2774500E+01  0.2981565E+03
  0.2780200E+01  0.2851028E+03
  0.2785900E+01  0.2725490E+03
  0.2791600E+01  0.2604803E+03
  0.2797300E+01  0.2488822E+03
  0.2803000E+01  0.2377401E+03
  0.2808700E+01  0.2270400E+03
  0.2814400E+01  0.2167676E+03
  0.2820100E+01  0.2069094E+03
  0.2825800E+01  0.1974516E+03
  0.2831500E+01  0.1883810E+03
  0.2837200E+01  0.1796846E+03
  0.2842900E+01  0.1713494E+03
  0.2848600E+01  0.1633631E+03
  0.2854300E+01  0.1557133E+03
  0.2860000E+01  0.1483882E+03
  0.2865700E+01  0.1413759E+03
  0.2871400E+01  0.1346652E+03
  0.2877100E+01  0.1282449E+03
  0.2882800E+01  0.1221043E+03
  0.2888500E+01  0.1162327E+03
  0.2894200E+01  0.1106201E+03
  0.2899900E+01  0.1052563E+03
  0.2905600E+01  0.1001319E+03
  0.2911300E+01  0.9523737E+02
  0.2917000E+01  0.9056370E+02
  0.2922700E+01  0.8610207E+02
  0.2928400E+01  0.8184396E+02
  0.2934100E+01  0.7778112E+02
  0.2939800E+01  0.7390557E+02
  0.2945500E+01  0.7020960E+02
  0.2951200E+01  0.6668573E+02
  0.2956900E+01  0.6332678E+02
  0.2962600E+01  0.6012579E+02
  0.2968300E+01  0.5707604E+02
  0.2974000E+01  0.5417108E+02
  0.2979700E+01  0.5140466E+02
  0.2985400E+01  0.4877077E+02
  0.2991100E+01  0.4626362E+02
  0.2996800E+01  0.4387766E+02
  0.3002500E+01  0.4160751E+02
  0.3008200E+01  0.3944803E+02
  0.3013900E+01  0.3739425E+02
  0.3019600E+01  0.3544143E+02
  0.3025300E+01  0.3358498E+02
  0.3031000E+01  0.3182051E+02
  0.3036700E+01  0.3014380E+02
  0.3042400E+01  0.2855082E+02
  0.3048100E+01  0.2703769E+02
  0.3053800E+01  0.2560068E+02
  0.3059500E+01  0.2423623E+02
  0.3065200E+01  0.2294094E+02
  0.3070900E+01  0.2171152E+02
  0.3076600E+01  0.2054485E+02
  0.3082300E+01  0.1943793E+02
  0.3088000E+01  0.1838790E+02
  0.3093700E+01  0.1739201E+02
  0.3099400E+01  0.1644764E+02
  0.3105100E+01  0.1555229E+02
  0.3110800E+01  0.1470356E+02
  0.3116500E+01  0.1389917E+02
  0.3122200E+01  0.1313692E+02
  0.3127900E+01  0.1241474E+02
  0.3133600E+01  0.1173064E+02
  0.3139300E+01  0.1108271E+02
  0.3145000E+01  0.1046915E+02
  0.3150700E+01  0.9888223E+01
  0.3156400E+01  0.9338286E+01
  0.3162100E+01  0.8817769E+01
  0.3167800E+01  0.8325176E+01
  0.3173500E+01  0.7859083E+01
  0.3179200E+01  0.7418132E+01
  0.3184900E+01  0.7001030E+01
  0.3190600E+01  0.6606549E+01
  0.3196300E+01  0.6233517E+01
  0.3202000E+01  0.5880821E+01
  0.3207700E+01  0.5547401E+01
  0.3213400E+01  0.5232250E+01
  0.3219100E+01  0.4934409E+01
  0.3224800E+01  0.4652968E+01
  0.3230500E+01  0.4387062E+01
  0.3236200E+01  0.4135868E+01
  0.3241900E+01  0.3898606E+01
  0.3247600E+01  0.3674532E+01
  0.3253300E+01  0.3462944E+01
  0.3259000E+01  0.3263172E+01
  0.3264700E+01  0.3074581E+01
  0.3270400E+01  0.2896569E+01
  0.3276100E+01  0.2728564E+01
  0.3281800E+01  0.2570025E+01
  0.3287500E+01  0.2420437E+01
  0.3293200E+01  0.2279313E+01
  0.3298900E+01  0.2146190E+01
  0.3304600E+01  0.2020630E+01
  0.3310300E+01  0.1902219E+01
  0.3316000E+01  0.1790563E+01
  0.3321700E+01  0.1685289E+01
  0.3327400E+01  0.1586045E+01
  0.3333100E+01  0.1492495E+01
  0.3338800E+01  0.1404324E+01
  0.3344500E+01  0.1321233E+01
  0.3350200E+01  0.1242936E+01
  0.3355900E+01  0.1169166E+01
  0.3361600E+01  0.1099670E+01
  0.3367300E+01  0.1034207E+01
  0.3373000E+01  0.9725488E+00
  0.3378700E+01  0.9144818E+00
  0.3384400E+01  0.8598024E+00
  0.3390100E+01  0.8083185E+00
  0.3395800E+01  0.7598486E+00
  0.3401500E+01  0.7142209E+00
  0.3407200E+01  0.6712733E+00
  0.3412900E+01  0.6308526E+00
  0.3418600E+01  0.5928140E+00
  0.3424300E+01  0.5570206E+00
  0.3430000E+01  0.5233435E+00
  0.3435700E+01  0.4916606E+00
  0.3441400E+01  0.4618567E+00
  0.3447100E+01  0.4338232E+00
  0.3452800E+01  0.4074575E+00
  0.3458500E+01  0.3826626E+00
  0.3464200E+01  0.3593473E+00
  0.3469900E+01  0.3374253E+00
  0.3475600E+01  0.3168153E+00
  0.3481300E+01  0.2974405E+00
  0.3487000E+01  0.2792286E+00
  0.3492700E+01  0.2621113E+00
  0.3498400E+01  0.2460243E+00
  0.3504100E+01  0.2309068E+00
  0.3509800E+01  0.2167019E+00
  0.3515500E+01  0.2033554E+00
  0.3521200E+01  0.1908166E+00
  0.3526900E+01  0.1790377E+00
  0.3532600E+01  0.1679735E+00
  0.3538300E+01  0.1575816E+00
  0.3544000E+01  0.1478218E+00
  0.3549700E+01  0.1386566E+00
  0.3555400E+01  0.1300503E+00
  0.3561100E+01  0.1219696E+00
  0.3566800E+01  0.1143830E+00
  0.3572500E+01  0.1072607E+00
  0.3578200E+01  0.1005750E+00
  0.3583900E+01  0.9429955E-01
  0.3589600E+01  0.8840961E-01
  0.3595300E+01  0.8288192E-01
  0.3601000E+01  0.7769460E-01
  0.3606700E+01  0.7282705E-01
  0.3612400E+01  0.6825990E-01
  0.3618100E+01  0.6397491E-01
  0.3623800E+01  0.5995494E-01
  0.3629500E+01  0.5618387E-01
  0.3635200E+01  0.5264653E-01
  0.3640900E+01  0.4932866E-01
  0.3646600E+01  0.4621685E-01
  0.3652300E+01  0.4329850E-01
  0.3658000E+01  0.4056176E-01
  0.3663700E+01  0.3799550E-01
  0.3669400E+01  0.3558923E-01
  0.3675100E+01  0.3333314E-01
  0.3680800E+01  0.3121796E-01
  0.3686500E+01  0.2923501E-01
  0.3692200E+01  0.2737613E-01
  0.3697900E+01  0.2563366E-01
  0.3703600E+01  0.2400037E-01
  0.3709300E+01  0.2246952E-01
  0.3715000E+01  0.2103473E-01
  0.3720700E+01  0.1969004E-01
  0.3726400E+01  0.1842984E-01
  0.3732100E+01  0.1724887E-01
  0.3737800E+01  0.1614218E-01
  0.3743500E+01  0.1510512E-01
  0.3749200E+01  0.1413333E-01
  0.3754900E+01  0.1322273E-01
  0.3760600E+01  0.1236946E-01
  0.3766300E+01  0.1156992E-01
  0.3772000E+01  0.1082071E-01
  0.3777700E+01  0.1011866E-01
  0.3783400E+01  0.9460775E-02
  0.3789100E+01  0.8844256E-02
  0.3794800E+01  0.8266467E-02
  0.3800500E+01  0.7724936E-02
  0.3806200E+01  0.7217340E-02
  0.3811900E+01  0.6741501E-02
  0.3817600E+01  0.6295369E-02
  0.3823300E+01  0.5877022E-02
  0.3829000E+01  0.5484652E-02
  0.3834700E+01  0.5116563E-02
  0.3840400E+01  0.4771157E-02
  0.3846100E+01  0.4446935E-02
  0.3851800E+01  0.4142487E-02
  0.3857500E+01  0.3856485E-02
  0.3863200E+01  0.3587681E-02
  0.3868900E+01  0.3334899E-02
  0.3874600E+01  0.3097030E-02
  0.3880300E+01  0.2873031E-02
  0.3886000E+01  0.2661916E-02
  0.3891700E+01  0.2462755E-02
  0.3897400E+01  0.2274668E-02
  0.3903100E+01  0.2096824E-02
  0.3908800E+01  0.1928434E-02
  0.3914500E+01  0.1768750E-02
  0.3920200E+01  0.1617063E-02
  0.3925900E+01  0.1472696E-02
  0.3931600E+01  0.1335003E-02
  0.3937300E+01  0.1203369E-02
  0.3943000E+01  0.1077204E-02
  0.3948700E+01  0.9559390E-03
  0.3954400E+01  0.8390290E-03
  0.3960100E+01  0.7259457E-03
  0.3965800E+01  0.6161774E-03
  0.3971500E+01  0.5092264E-03
  0.3977200E+01  0.4046064E-03
  0.3982900E+01  0.3018407E-03
  0.3988600E+01  0.2004599E-03
  0.3994300E+01  0.1000000E-03
  0.4000000E+01  0.0000000E+00
