  0.1000000E-01  0.0000000E+00
  0.1570000E-01  0.3235418E-11
  0.2140000E-01  0.7014685E-11
  0.2710000E-01  0.1194513E-10
  0.3280000E-01  0.1878920E-10
  0.3850000E-01  0.2857123E-10
  0.4420000E-01  0.4271318E-10
  0.4990000E-01  0.6321522E-10
  0.5560000E-01  0.9290082E-10
  0.6130000E-01  0.1357518E-09
  0.6700000E-01  0.1973664E-09
  0.7270000E-01  0.2855844E-09
  0.7840000E-01  0.4113358E-09
  0.8410000E-01  0.5897896E-09
  0.8980000E-01  0.8418994E-09
  0.9550000E-01  0.1196473E-08
  0.1012000E+00  0.1692932E-08
  0.1069000E+00  0.2384969E-08
  0.1126000E+00  0.3345370E-08
  0.1183000E+00  0.4672347E-08
  0.1240000E+00  0.6497801E-08
  0.1297000E+00  0.8998061E-08
  0.1354000E+00  0.1240775E-07
  0.1411000E+00  0.1703764E-07
  0.1468000E+00  0.2329744E-07
  0.1525000E+00  0.3172483E-07
  0.1582000E+00  0.4302220E-07
  0.1639000E+00  0.5810292E-07
  0.1696000E+00  0.7814928E-07
  0.1753000E+00  0.1046847E-06
  0.1810000E+00  0.1396630E-06
  0.1867000E+00  0.1855792E-06
  0.1924000E+00  0.2456040E-06
  0.1981000E+00  0.3237493E-06
  0.2038000E+00  0.4250675E-06
  0.2095000E+00  0.5558928E-06
  0.2152000E+00  0.7241300E-06
  0.2209000E+00  0.9395989E-06
  0.2266000E+00  0.1214442E-05
  0.2323000E+00  0.1563604E-05
  0.2380000E+00  0.2005396E-05
  0.2437000E+00  0.2562149E-05
  0.2494000E+00  0.3260965E-05
  0.2551000E+00  0.4134591E-05
  0.2608000E+00  0.5222399E-05
  0.2665000E+00  0.6571509E-05
  0.2722000E+00  0.8238040E-05
  0.2779000E+00  0.1028851E-04
  0.2836000E+00  0.1280136E-04
  0.2893000E+00  0.1586867E-04
  0.2950000E+00  0.1959797E-04
  0.3007000E+00  0.2411417E-04
  0.3064000E+00  0.2956166E-04
  0.3121000E+00  0.3610648E-04
  0.3178000E+00  0.4393850E-04
  0.3235000E+00  0.5327368E-04
  0.3292000E+00  0.6435628E-04
  0.3349000E+00  0.7746098E-04
  0.3406000E+00  0.9289482E-04
  0.3463000E+00  0.1109989E-03
  0.3520000E+00  0.1321498E-03
  0.3577000E+00  0.1567604E-03
  0.3634000E+00  0.1852804E-03
  0.3691000E+00  0.2181956E-03
  0.3748000E+00  0.2560274E-03
  0.3805000E+00  0.2993300E-03
  0.3862000E+00  0.3486875E-03
  0.3919000E+00  0.4047094E-03
  0.3976000E+00  0.4680249E-03
  0.4033000E+00  0.5392751E-03
  0.4090000E+00  0.6191049E-03
  0.4147000E+00  0.7081514E-03
  0.4204000E+00  0.8070327E-03
  0.4261000E+00  0.9163329E-03
  0.4318000E+00  0.1036587E-02
  0.4375000E+00  0.1168263E-02
  0.4432000E+00  0.1311745E-02
  0.4489000E+00  0.1467309E-02
  0.4546000E+00  0.1635107E-02
  0.4603000E+00  0.1815141E-02
  0.4660000E+00  0.2007242E-02
  0.4717000E+00  0.2211050E-02
  0.4774000E+00  0.2425992E-02
  0.4831000E+00  0.2651259E-02
  0.4888000E+00  0.2885792E-02
  0.4945000E+00  0.3128265E-02
  0.5002000E+00  0.3377075E-02
  0.5059000E+00  0.3630329E-02
  0.5116000E+00  0.3885847E-02
  0.5173000E+00  0.4141160E-02
  0.5230000E+00  0.4393522E-02
  0.5287000E+00  0.4639920E-02
  0.5344000E+00  0.4877103E-02
  0.5401000E+00  0.5101605E-02
  0.5458000E+00  0.5309788E-02
  0.5515000E+00  0.5497884E-02
  0.5572000E+00  0.5662047E-02
  0.5629000E+00  0.5798416E-02
  0.5686000E+00  0.5903180E-02
  0.5743000E+00  0.5972647E-02
  0.5800000E+00  0.6003325E-02
  0.5857000E+00  0.5992002E-02
  0.5914000E+00  0.5935842E-02
  0.5971000E+00  0.5832420E-02
  0.6028000E+00  0.5679850E-02
  0.6085000E+00  0.5476850E-02
  0.6142000E+00  0.5222809E-02
  0.6199000E+00  0.4917858E-02
  0.6256000E+00  0.4562916E-02
  0.6313000E+00  0.4159738E-02
  0.6370000E+00  0.3710945E-02
  0.6427000E+00  0.3220030E-02
  0.6484000E+00  0.2691364E-02
  0.6541000E+00  0.2130166E-02
  0.6598000E+00  0.1542468E-02
  0.6655000E+00  0.9350523E-03
  0.6712000E+00  0.3153715E-03
  0.6769000E+00 -0.3085481E-03
  0.6826000E+00 -0.9282237E-03
  0.6883000E+00 -0.1534849E-02
  0.6940000E+00 -0.2119440E-02
  0.6997000E+00 -0.2672997E-02
  0.7054000E+00 -0.3186669E-02
  0.7111000E+00 -0.3651933E-02
  0.7168000E+00 -0.4060766E-02
  0.7225000E+00 -0.4405821E-02
  0.7282000E+00 -0.4680600E-02
  0.7339000E+00 -0.4879609E-02
  0.7396000E+00 -0.4998506E-02
  0.7453000E+00 -0.5034228E-02
  0.7510000E+00 -0.4985103E-02
  0.7567000E+00 -0.4850923E-02
  0.7624000E+00 -0.4633008E-02
  0.7681000E+00 -0.4334225E-02
  0.7738000E+00 -0.3958981E-02
  0.7795000E+00 -0.3513184E-02
  0.7852000E+00 -0.3004172E-02
  0.7909000E+00 -0.2440602E-02
  0.7966000E+00 -0.1832320E-02
  0.8023000E+00 -0.1190185E-02
  0.8080000E+00 -0.5258866E-03
  0.8137000E+00  0.1482803E-03
  0.8194000E+00  0.8196446E-03
  0.8251000E+00  0.1475410E-02
  0.8308000E+00  0.2102911E-02
  0.8365000E+00  0.2689876E-02
  0.8422000E+00  0.3224683E-02
  0.8479000E+00  0.3696611E-02
  0.8536000E+00  0.4096073E-02
  0.8593000E+00  0.4414835E-02
  0.8650000E+00  0.4646201E-02
  0.8707000E+00  0.4785176E-02
  0.8764000E+00  0.4828595E-02
  0.8821000E+00  0.4775204E-02
  0.8878000E+00  0.4625714E-02
  0.8935000E+00  0.4382806E-02
  0.8992000E+00  0.4051095E-02
  0.9049000E+00  0.3637047E-02
  0.9106000E+00  0.3148868E-02
  0.9163000E+00  0.2596336E-02
  0.9220000E+00  0.1990613E-02
  0.9277000E+00  0.1344017E-02
  0.9334000E+00  0.6697667E-03
  0.9391000E+00 -0.1829076E-04
  0.9448000E+00 -0.7059705E-03
  0.9505000E+00 -0.1379050E-02
  0.9562000E+00 -0.2023569E-02
  0.9619000E+00 -0.2626130E-02
  0.9676000E+00 -0.3174182E-02
  0.9733000E+00 -0.3656291E-02
  0.9790000E+00 -0.4062386E-02
  0.9847000E+00 -0.4383975E-02
  0.9904000E+00 -0.4614328E-02
  0.9961000E+00 -0.4748623E-02
  0.1001800E+01 -0.4784048E-02
  0.1007500E+01 -0.4719863E-02
  0.1013200E+01 -0.4557416E-02
  0.1018900E+01 -0.4300110E-02
  0.1024600E+01 -0.3953333E-02
  0.1030300E+01 -0.3524341E-02
  0.1036000E+01 -0.3022099E-02
  0.1041700E+01 -0.2457091E-02
  0.1047400E+01 -0.1841094E-02
  0.1053100E+01 -0.1186927E-02
  0.1058800E+01 -0.5081788E-03
  0.1064500E+01  0.1810815E-03
  0.1070200E+01  0.8666006E-03
  0.1075900E+01  0.1534241E-02
  0.1081600E+01  0.2170273E-02
  0.1087300E+01  0.2761666E-02
  0.1093000E+01  0.3296349E-02
  0.1098700E+01  0.3763463E-02
  0.1104400E+01  0.4153574E-02
  0.1110100E+01  0.4458867E-02
  0.1115800E+01  0.4673293E-02
  0.1121500E+01  0.4792683E-02
  0.1127200E+01  0.4814824E-02
  0.1132900E+01  0.4739492E-02
  0.1138600E+01  0.4568438E-02
  0.1144300E+01  0.4305344E-02
  0.1150000E+01  0.3955730E-02
  0.1155700E+01  0.3526829E-02
  0.1161400E+01  0.3027428E-02
  0.1167100E+01  0.2467677E-02
  0.1172800E+01  0.1858874E-02
  0.1178500E+01  0.1213228E-02
  0.1184200E+01  0.5436064E-03
  0.1189900E+01 -0.1367243E-03
  0.1195600E+01 -0.8143698E-03
  0.1201300E+01 -0.1476072E-02
  0.1207000E+01 -0.2108972E-02
  0.1212700E+01 -0.2700855E-02
  0.1218400E+01 -0.3240389E-02
  0.1224100E+01 -0.3717330E-02
  0.1229800E+01 -0.4122719E-02
  0.1235500E+01 -0.4449036E-02
  0.1241200E+01 -0.4690331E-02
  0.1246900E+01 -0.4842323E-02
  0.1252600E+01 -0.4902464E-02
  0.1258300E+01 -0.4869966E-02
  0.1264000E+01 -0.4745799E-02
  0.1269700E+01 -0.4532648E-02
  0.1275400E+01 -0.4234849E-02
  0.1281100E+01 -0.3858280E-02
  0.1286800E+01 -0.3410237E-02
  0.1292500E+01 -0.2899282E-02
  0.1298200E+01 -0.2335064E-02
  0.1303900E+01 -0.1728130E-02
  0.1309600E+01 -0.1089718E-02
  0.1315300E+01 -0.4315417E-03
  0.1321000E+01  0.2344266E-03
  0.1326700E+01  0.8961807E-03
  0.1332400E+01  0.1541896E-02
  0.1338100E+01  0.2160141E-02
  0.1343800E+01  0.2740076E-02
  0.1349500E+01  0.3271641E-02
  0.1355200E+01  0.3745720E-02
  0.1360900E+01  0.4154293E-02
  0.1366600E+01  0.4490557E-02
  0.1372300E+01  0.4749035E-02
  0.1378000E+01  0.4925646E-02
  0.1383700E+01  0.5017758E-02
  0.1389400E+01  0.5024213E-02
  0.1395100E+01  0.4945325E-02
  0.1400800E+01  0.4782853E-02
  0.1406500E+01  0.4539950E-02
  0.1412200E+01  0.4221088E-02
  0.1417900E+01  0.3831960E-02
  0.1423600E+01  0.3379373E-02
  0.1429300E+01  0.2871113E-02
  0.1435000E+01  0.2315798E-02
  0.1440700E+01  0.1722729E-02
  0.1446400E+01  0.1101724E-02
  0.1452100E+01  0.4629476E-03
  0.1457800E+01 -0.1832559E-03
  0.1463500E+01 -0.8265353E-03
  0.1469200E+01 -0.1456697E-02
  0.1474900E+01 -0.2063867E-02
  0.1480600E+01 -0.2638640E-02
  0.1486300E+01 -0.3172223E-02
  0.1492000E+01 -0.3656563E-02
  0.1497700E+01 -0.4084458E-02
  0.1503400E+01 -0.4449658E-02
  0.1509100E+01 -0.4746945E-02
  0.1514800E+01 -0.4972192E-02
  0.1520500E+01 -0.5122414E-02
  0.1526200E+01 -0.5195788E-02
  0.1531900E+01 -0.5191665E-02
  0.1537600E+01 -0.5110557E-02
  0.1543300E+01 -0.4954108E-02
  0.1549000E+01 -0.4725054E-02
  0.1554700E+01 -0.4427162E-02
  0.1560400E+01 -0.4065152E-02
  0.1566100E+01 -0.3644621E-02
  0.1571800E+01 -0.3171935E-02
  0.1577500E+01 -0.2654131E-02
  0.1583200E+01 -0.2098804E-02
  0.1588900E+01 -0.1513985E-02
  0.1594600E+01 -0.9080202E-03
  0.1600300E+01 -0.2894519E-03
  0.1606000E+01  0.3331095E-03
  0.1611700E+01  0.9511039E-03
  0.1617400E+01  0.1556140E-02
  0.1623100E+01  0.2140105E-02
  0.1628800E+01  0.2695275E-02
  0.1634500E+01  0.3214407E-02
  0.1640200E+01  0.3690831E-02
  0.1645900E+01  0.4118529E-02
  0.1651600E+01  0.4492199E-02
  0.1657300E+01  0.4807315E-02
  0.1663000E+01  0.5060172E-02
  0.1668700E+01  0.5247918E-02
  0.1674400E+01  0.5368571E-02
  0.1680100E+01  0.5421035E-02
  0.1685800E+01  0.5405091E-02
  0.1691500E+01  0.5321386E-02
  0.1697200E+01  0.5171405E-02
  0.1702900E+01  0.4957442E-02
  0.1708600E+01  0.4682547E-02
  0.1714300E+01  0.4350481E-02
  0.1720000E+01  0.3965650E-02
  0.1725700E+01  0.3533044E-02
  0.1731400E+01  0.3058158E-02
  0.1737100E+01  0.2546920E-02
  0.1742800E+01  0.2005613E-02
  0.1748500E+01  0.1440786E-02
  0.1754200E+01  0.8591775E-03
  0.1759900E+01  0.2676303E-03
  0.1765600E+01 -0.3269918E-03
  0.1771300E+01 -0.9178828E-03
  0.1777000E+01 -0.1498372E-02
  0.1782700E+01 -0.2061998E-02
  0.1788400E+01 -0.2602578E-02
  0.1794100E+01 -0.3114272E-02
  0.1799800E+01 -0.3591641E-02
  0.1805500E+01 -0.4029698E-02
  0.1811200E+01 -0.4423957E-02
  0.1816900E+01 -0.4770471E-02
  0.1822600E+01 -0.5065861E-02
  0.1828300E+01 -0.5307344E-02
  0.1834000E+01 -0.5492750E-02
  0.1839700E+01 -0.5620532E-02
  0.1845400E+01 -0.5689767E-02
  0.1851100E+01 -0.5700158E-02
  0.1856800E+01 -0.5652019E-02
  0.1862500E+01 -0.5546258E-02
  0.1868200E+01 -0.5384362E-02
  0.1873900E+01 -0.5168362E-02
  0.1879600E+01 -0.4900802E-02
  0.1885300E+01 -0.4584707E-02
  0.1891000E+01 -0.4223537E-02
  0.1896700E+01 -0.3821145E-02
  0.1902400E+01 -0.3381731E-02
  0.1908100E+01 -0.2909792E-02
  0.1913800E+01 -0.2410073E-02
  0.1919500E+01 -0.1887514E-02
  0.1925200E+01 -0.1347198E-02
  0.1930900E+01 -0.7943032E-03
  0.1936600E+01 -0.2340465E-03
  0.1942300E+01  0.3283633E-03
  0.1948000E+01  0.8877748E-03
  0.1953700E+01  0.1439141E-02
  0.1959400E+01  0.1977562E-02
  0.1965100E+01  0.2498329E-02
  0.1970800E+01  0.2996961E-02
  0.1976500E+01  0.3469240E-02
  0.1982200E+01  0.3911244E-02
  0.1987900E+01  0.4319375E-02
  0.1993600E+01  0.4690381E-02
  0.1999300E+01  0.5021382E-02
  0.2005000E+01  0.5309881E-02
  0.2010700E+01  0.5553780E-02
  0.2016400E+01  0.5751388E-02
  0.2022100E+01  0.5901426E-02
  0.2027800E+01  0.6003031E-02
  0.2033500E+01  0.6055748E-02
  0.2039200E+01  0.6059529E-02
  0.2044900E+01  0.6014725E-02
  0.2050600E+01  0.5922070E-02
  0.2056300E+01  0.5782667E-02
  0.2062000E+01  0.5597975E-02
  0.2067700E+01  0.5369782E-02
  0.2073400E+01  0.5100189E-02
  0.2079100E+01  0.4791585E-02
  0.2084800E+01  0.4446619E-02
  0.2090500E+01  0.4068175E-02
  0.2096200E+01  0.3659344E-02
  0.2101900E+01  0.3223399E-02
  0.2107600E+01  0.2763758E-02
  0.2113300E+01  0.2283963E-02
  0.2119000E+01  0.1787646E-02
  0.2124700E+01  0.1278500E-02
  0.2130400E+01  0.7602528E-03
  0.2136100E+01  0.2366374E-03
  0.2141800E+01 -0.2886355E-03
  0.2147500E+01 -0.8119029E-03
  0.2153200E+01 -0.1329575E-02
  0.2158900E+01 -0.1838159E-02
  0.2164600E+01 -0.2334280E-02
  0.2170300E+01 -0.2814703E-02
  0.2176000E+01 -0.3276353E-02
  0.2181700E+01 -0.3716330E-02
  0.2187400E+01 -0.4131923E-02
  0.2193100E+01 -0.4520630E-02
  0.2198800E+01 -0.4880164E-02
  0.2204500E+01 -0.5208464E-02
  0.2210200E+01 -0.5503706E-02
  0.2215900E+01 -0.5764305E-02
  0.2221600E+01 -0.5988923E-02
  0.2227300E+01 -0.6176468E-02
  0.2233000E+01 -0.6326100E-02
  0.2238700E+01 -0.6437225E-02
  0.2244400E+01 -0.6509495E-02
  0.2250100E+01 -0.6542803E-02
  0.2255800E+01 -0.6537282E-02
  0.2261500E+01 -0.6493290E-02
  0.2267200E+01 -0.6411411E-02
  0.2272900E+01 -0.6292439E-02
  0.2278600E+01 -0.6137371E-02
  0.2284300E+01 -0.5947398E-02
  0.2290000E+01 -0.5723889E-02
  0.2295700E+01 -0.5468380E-02
  0.2301400E+01 -0.5182561E-02
  0.2307100E+01 -0.4868265E-02
  0.2312800E+01 -0.4527447E-02
  0.2318500E+01 -0.4162179E-02
  0.2324200E+01 -0.3774626E-02
  0.2329900E+01 -0.3367040E-02
  0.2335600E+01 -0.2941739E-02
  0.2341300E+01 -0.2501095E-02
  0.2347000E+01 -0.2047521E-02
  0.2352700E+01 -0.1583453E-02
  0.2358400E+01 -0.1111342E-02
  0.2364100E+01 -0.6336355E-03
  0.2369800E+01 -0.1527665E-03
  0.2375500E+01  0.3288581E-03
  0.2381200E+01  0.8088704E-03
  0.2386900E+01  0.1284952E-02
  0.2392600E+01  0.1754845E-02
  0.2398300E+01  0.2216363E-02
  0.2404000E+01  0.2667395E-02
  0.2409700E+01  0.3105922E-02
  0.2415400E+01  0.3530020E-02
  0.2421100E+01  0.3937864E-02
  0.2426800E+01  0.4327741E-02
  0.2432500E+01  0.4698050E-02
  0.2438200E+01  0.5047310E-02
  0.2443900E+01  0.5374161E-02
  0.2449600E+01  0.5677370E-02
  0.2455300E+01  0.5955831E-02
  0.2461000E+01  0.6208567E-02
  0.2466700E+01  0.6434734E-02
  0.2472400E+01  0.6633615E-02
  0.2478100E+01  0.6804629E-02
  0.2483800E+01  0.6947320E-02
  0.2489500E+01  0.7061362E-02
  0.2495200E+01  0.7146557E-02
  0.2500900E+01  0.7202827E-02
  0.2506600E+01  0.7230217E-02
  0.2512300E+01  0.7228890E-02
  0.2518000E+01  0.7199119E-02
  0.2523700E+01  0.7141289E-02
  0.2529400E+01  0.7055888E-02
  0.2535100E+01  0.6943503E-02
  0.2540800E+01  0.6804815E-02
  0.2546500E+01  0.6640596E-02
  0.2552200E+01  0.6451699E-02
  0.2557900E+01  0.6239056E-02
  0.2563600E+01  0.6003669E-02
  0.2569300E+01  0.5746606E-02
  0.2575000E+01  0.5468997E-02
  0.2580700E+01  0.5172022E-02
  0.2586400E+01  0.4856911E-02
  0.2592100E+01  0.4524935E-02
  0.2597800E+01  0.4177398E-02
  0.2603500E+01  0.3815637E-02
  0.2609200E+01  0.3441012E-02
  0.2614900E+01  0.3054898E-02
  0.2620600E+01  0.2658686E-02
  0.2626300E+01  0.2253773E-02
  0.2632000E+01  0.1841556E-02
  0.2637700E+01  0.1423432E-02
  0.2643400E+01  0.1000786E-02
  0.2649100E+01  0.5749938E-03
  0.2654800E+01  0.1474116E-03
  0.2660500E+01 -0.2806250E-03
  0.2666200E+01 -0.7078055E-03
  0.2671900E+01 -0.1132849E-02
  0.2677600E+01 -0.1554506E-02
  0.2683300E+01 -0.1971565E-02
  0.2689000E+01 -0.2382851E-02
  0.2694700E+01 -0.2787232E-02
  0.2700400E+01 -0.3183618E-02
  0.2706100E+01 -0.3570968E-02
  0.2711800E+01 -0.3948286E-02
  0.2717500E+01 -0.4314629E-02
  0.2723200E+01 -0.4669102E-02
  0.2728900E+01 -0.5010865E-02
  0.2734600E+01 -0.5339131E-02
  0.2740300E+01 -0.5653167E-02
  0.2746000E+01 -0.5952296E-02
  0.2751700E+01 -0.6235894E-02
  0.2757400E+01 -0.6503397E-02
  0.2763100E+01 -0.6754291E-02
  0.2768800E+01 -0.6988122E-02
  0.2774500E+01 -0.7204489E-02
  0.2780200E+01 -0.7403045E-02
  0.2785900E+01 -0.7583498E-02
  0.2791600E+01 -0.7745608E-02
  0.2797300E+01 -0.7889188E-02
  0.2803000E+01 -0.8014101E-02
  0.2808700E+01 -0.8120260E-02
  0.2814400E+01 -0.8207627E-02
  0.2820100E+01 -0.8276209E-02
  0.2825800E+01 -0.8326062E-02
  0.2831500E+01 -0.8357282E-02
  0.2837200E+01 -0.8370009E-02
  0.2842900E+01 -0.8364425E-02
  0.2848600E+01 -0.8340747E-02
  0.2854300E+01 -0.8299232E-02
  0.2860000E+01 -0.8240172E-02
  0.2865700E+01 -0.8163890E-02
  0.2871400E+01 -0.8070743E-02
  0.2877100E+01 -0.7961114E-02
  0.2882800E+01 -0.7835417E-02
  0.2888500E+01 -0.7694090E-02
  0.2894200E+01 -0.7537594E-02
  0.2899900E+01 -0.7366411E-02
  0.2905600E+01 -0.7181046E-02
  0.2911300E+01 -0.6982019E-02
  0.2917000E+01 -0.6769866E-02
  0.2922700E+01 -0.6545140E-02
  0.2928400E+01 -0.6308403E-02
  0.2934100E+01 -0.6060230E-02
  0.2939800E+01 -0.5801204E-02
  0.2945500E+01 -0.5531915E-02
  0.2951200E+01 -0.5252961E-02
  0.2956900E+01 -0.4964941E-02
  0.2962600E+01 -0.4668459E-02
  0.2968300E+01 -0.4364119E-02
  0.2974000E+01 -0.4052525E-02
  0.2979700E+01 -0.3734279E-02
  0.2985400E+01 -0.3409983E-02
  0.2991100E+01 -0.3080231E-02
  0.2996800E+01 -0.2745613E-02
  0.3002500E+01 -0.2406715E-02
  0.3008200E+01 -0.2064113E-02
  0.3013900E+01 -0.1718375E-02
  0.3019600E+01 -0.1370061E-02
  0.3025300E+01 -0.1019720E-02
  0.3031000E+01 -0.6678904E-03
  0.3036700E+01 -0.3150986E-03
  0.3042400E+01  0.3814107E-04
  0.3048100E+01  0.3913272E-03
  0.3053800E+01  0.7439721E-03
  0.3059500E+01  0.1095602E-02
  0.3065200E+01  0.1445758E-02
  0.3070900E+01  0.1793994E-02
  0.3076600E+01  0.2139884E-02
  0.3082300E+01  0.2483012E-02
  0.3088000E+01  0.2822980E-02
  0.3093700E+01  0.3159409E-02
  0.3099400E+01  0.3491931E-02
  0.3105100E+01  0.3820198E-02
  0.3110800E+01  0.4143877E-02
  0.3116500E+01  0.4462652E-02
  0.3122200E+01  0.4776222E-02
  0.3127900E+01  0.5084305E-02
  0.3133600E+01  0.5386634E-02
  0.3139300E+01  0.5682957E-02
  0.3145000E+01  0.5973040E-02
  0.3150700E+01  0.6256664E-02
  0.3156400E+01  0.6533626E-02
  0.3162100E+01  0.6803740E-02
  0.3167800E+01  0.7066832E-02
  0.3173500E+01  0.7322747E-02
  0.3179200E+01  0.7571341E-02
  0.3184900E+01  0.7812488E-02
  0.3190600E+01  0.8046075E-02
  0.3196300E+01  0.8272001E-02
  0.3202000E+01  0.8490180E-02
  0.3207700E+01  0.8700541E-02
  0.3213400E+01  0.8903023E-02
  0.3219100E+01  0.9097578E-02
  0.3224800E+01  0.9284172E-02
  0.3230500E+01  0.9462781E-02
  0.3236200E+01  0.9633392E-02
  0.3241900E+01  0.9796004E-02
  0.3247600E+01  0.9950625E-02
  0.3253300E+01  0.1009728E-01
  0.3259000E+01  0.1023598E-01
  0.3264700E+01  0.1036679E-01
  0.3270400E+01  0.1048973E-01
  0.3276100E+01  0.1060488E-01
  0.3281800E+01  0.1071228E-01
  0.3287500E+01  0.1081202E-01
  0.3293200E+01  0.1090417E-01
  0.3298900E+01  0.1098881E-01
  0.3304600E+01  0.1106604E-01
  0.3310300E+01  0.1113595E-01
  0.3316000E+01  0.1119865E-01
  0.3321700E+01  0.1125425E-01
  0.3327400E+01  0.1130285E-01
  0.3333100E+01  0.1134459E-01
  0.3338800E+01  0.1137957E-01
  0.3344500E+01  0.1140793E-01
  0.3350200E+01  0.1142980E-01
  0.3355900E+01  0.1144530E-01
  0.3361600E+01  0.1145458E-01
  0.3367300E+01  0.1145778E-01
  0.3373000E+01  0.1145503E-01
  0.3378700E+01  0.1144647E-01
  0.3384400E+01  0.1143226E-01
  0.3390100E+01  0.1141253E-01
  0.3395800E+01  0.1138744E-01
  0.3401500E+01  0.1135713E-01
  0.3407200E+01  0.1132175E-01
  0.3412900E+01  0.1128146E-01
  0.3418600E+01  0.1123639E-01
  0.3424300E+01  0.1118671E-01
  0.3430000E+01  0.1113255E-01
  0.3435700E+01  0.1107407E-01
  0.3441400E+01  0.1101142E-01
  0.3447100E+01  0.1094474E-01
  0.3452800E+01  0.1087419E-01
  0.3458500E+01  0.1079990E-01
  0.3464200E+01  0.1072202E-01
  0.3469900E+01  0.1064069E-01
  0.3475600E+01  0.1055606E-01
  0.3481300E+01  0.1046827E-01
  0.3487000E+01  0.1037745E-01
  0.3492700E+01  0.1028373E-01
  0.3498400E+01  0.1018726E-01
  0.3504100E+01  0.1008817E-01
  0.3509800E+01  0.9986581E-02
  0.3515500E+01  0.9882626E-02
  0.3521200E+01  0.9776429E-02
  0.3526900E+01  0.9668114E-02
  0.3532600E+01  0.9557800E-02
  0.3538300E+01  0.9445606E-02
  0.3544000E+01  0.9331648E-02
  0.3549700E+01  0.9216038E-02
  0.3555400E+01  0.9098886E-02
  0.3561100E+01  0.8980300E-02
  0.3566800E+01  0.8860384E-02
  0.3572500E+01  0.8739241E-02
  0.3578200E+01  0.8616970E-02
  0.3583900E+01  0.8493667E-02
  0.3589600E+01  0.8369425E-02
  0.3595300E+01  0.8244337E-02
  0.3601000E+01  0.8118489E-02
  0.3606700E+01  0.7991967E-02
  0.3612400E+01  0.7864855E-02
  0.3618100E+01  0.7737230E-02
  0.3623800E+01  0.7609171E-02
  0.3629500E+01  0.7480751E-02
  0.3635200E+01  0.7352043E-02
  0.3640900E+01  0.7223114E-02
  0.3646600E+01  0.7094030E-02
  0.3652300E+01  0.6964856E-02
  0.3658000E+01  0.6835651E-02
  0.3663700E+01  0.6706473E-02
  0.3669400E+01  0.6577379E-02
  0.3675100E+01  0.6448420E-02
  0.3680800E+01  0.6319648E-02
  0.3686500E+01  0.6191109E-02
  0.3692200E+01  0.6062850E-02
  0.3697900E+01  0.5934912E-02
  0.3703600E+01  0.5807337E-02
  0.3709300E+01  0.5680163E-02
  0.3715000E+01  0.5553425E-02
  0.3720700E+01  0.5427157E-02
  0.3726400E+01  0.5301389E-02
  0.3732100E+01  0.5176152E-02
  0.3737800E+01  0.5051471E-02
  0.3743500E+01  0.4927372E-02
  0.3749200E+01  0.4803877E-02
  0.3754900E+01  0.4681007E-02
  0.3760600E+01  0.4558779E-02
  0.3766300E+01  0.4437211E-02
  0.3772000E+01  0.4316318E-02
  0.3777700E+01  0.4196111E-02
  0.3783400E+01  0.4076602E-02
  0.3789100E+01  0.3957800E-02
  0.3794800E+01  0.3839712E-02
  0.3800500E+01  0.3722343E-02
  0.3806200E+01  0.3605697E-02
  0.3811900E+01  0.3489777E-02
  0.3817600E+01  0.3374583E-02
  0.3823300E+01  0.3260113E-02
  0.3829000E+01  0.3146365E-02
  0.3834700E+01  0.3033335E-02
  0.3840400E+01  0.2921017E-02
  0.3846100E+01  0.2809404E-02
  0.3851800E+01  0.2698487E-02
  0.3857500E+01  0.2588256E-02
  0.3863200E+01  0.2478699E-02
  0.3868900E+01  0.2369805E-02
  0.3874600E+01  0.2261558E-02
  0.3880300E+01  0.2153943E-02
  0.3886000E+01  0.2046944E-02
  0.3891700E+01  0.1940543E-02
  0.3897400E+01  0.1834719E-02
  0.3903100E+01  0.1729454E-02
  0.3908800E+01  0.1624725E-02
  0.3914500E+01  0.1520510E-02
  0.3920200E+01  0.1416784E-02
  0.3925900E+01  0.1313523E-02
  0.3931600E+01  0.1210701E-02
  0.3937300E+01  0.1108289E-02
  0.3943000E+01  0.1006260E-02
  0.3948700E+01  0.9045840E-03
  0.3954400E+01  0.8032308E-03
  0.3960100E+01  0.7021685E-03
  0.3965800E+01  0.6013644E-03
  0.3971500E+01  0.5007849E-03
  0.3977200E+01  0.4003951E-03
  0.3982900E+01  0.3001591E-03
  0.3988600E+01  0.2000400E-03
  0.3994300E+01  0.1000000E-03
  0.4000000E+01  0.0000000E+00
