  0.1000000E-01  0.0000000E+00
  0.1570000E-01  0.9014318E-10
  0.2140000E-01  0.1955568E-09
  0.2710000E-01  0.3333195E-09
  0.3280000E-01  0.5249169E-09
  0.3850000E-01  0.7992801E-09
  0.4420000E-01  0.1196659E-08
  0.4990000E-01  0.1773791E-08
  0.5560000E-01  0.2610932E-08
  0.6130000E-01  0.3821501E-08
  0.6700000E-01  0.5565285E-08
  0.7270000E-01  0.8066512E-08
  0.7840000E-01  0.1163846E-07
  0.8410000E-01  0.1671683E-07
  0.8980000E-01  0.2390479E-07
  0.9550000E-01  0.3403340E-07
  0.1012000E+00  0.4824251E-07
  0.1069000E+00  0.6808806E-07
  0.1126000E+00  0.9568428E-07
  0.1183000E+00  0.1338906E-06
  0.1240000E+00  0.1865567E-06
  0.1297000E+00  0.2588414E-06
  0.1354000E+00  0.3576262E-06
  0.1411000E+00  0.4920489E-06
  0.1468000E+00  0.6741880E-06
  0.1525000E+00  0.9199366E-06
  0.1582000E+00  0.1250112E-05
  0.1639000E+00  0.1691860E-05
  0.1696000E+00  0.2280415E-05
  0.1753000E+00  0.3061308E-05
  0.1810000E+00  0.4093110E-05
  0.1867000E+00  0.5450829E-05
  0.1924000E+00  0.7230087E-05
  0.1981000E+00  0.9552245E-05
  0.2038000E+00  0.1257063E-04
  0.2095000E+00  0.1647811E-04
  0.2152000E+00  0.2151616E-04
  0.2209000E+00  0.2798579E-04
  0.2266000E+00  0.3626053E-04
  0.2323000E+00  0.4680178E-04
  0.2380000E+00  0.6017694E-04
  0.2437000E+00  0.7708058E-04
  0.2494000E+00  0.9835910E-04
  0.2551000E+00  0.1250392E-03
  0.2608000E+00  0.1583604E-03
  0.2665000E+00  0.1998125E-03
  0.2722000E+00  0.2511779E-03
  0.2779000E+00  0.3145785E-03
  0.2836000E+00  0.3925290E-03
  0.2893000E+00  0.4879951E-03
  0.2950000E+00  0.6044577E-03
  0.3007000E+00  0.7459825E-03
  0.3064000E+00  0.9172947E-03
  0.3121000E+00  0.1123858E-02
  0.3178000E+00  0.1371959E-02
  0.3235000E+00  0.1668793E-02
  0.3292000E+00  0.2022551E-02
  0.3349000E+00  0.2442508E-02
  0.3406000E+00  0.2939106E-02
  0.3463000E+00  0.3524039E-02
  0.3520000E+00  0.4210319E-02
  0.3577000E+00  0.5012342E-02
  0.3634000E+00  0.5945929E-02
  0.3691000E+00  0.7028358E-02
  0.3748000E+00  0.8278361E-02
  0.3805000E+00  0.9716099E-02
  0.3862000E+00  0.1136310E-01
  0.3919000E+00  0.1324218E-01
  0.3976000E+00  0.1537724E-01
  0.4033000E+00  0.1779315E-01
  0.4090000E+00  0.2051544E-01
  0.4147000E+00  0.2357003E-01
  0.4204000E+00  0.2698283E-01
  0.4261000E+00  0.3077933E-01
  0.4318000E+00  0.3498408E-01
  0.4375000E+00  0.3962016E-01
  0.4432000E+00  0.4470849E-01
  0.4489000E+00  0.5026721E-01
  0.4546000E+00  0.5631086E-01
  0.4603000E+00  0.6284966E-01
  0.4660000E+00  0.6988864E-01
  0.4717000E+00  0.7742678E-01
  0.4774000E+00  0.8545621E-01
  0.4831000E+00  0.9396129E-01
  0.4888000E+00  0.1029179E+00
  0.4945000E+00  0.1122924E+00
  0.5002000E+00  0.1220415E+00
  0.5059000E+00  0.1321111E+00
  0.5116000E+00  0.1424361E+00
  0.5173000E+00  0.1529402E+00
  0.5230000E+00  0.1635356E+00
  0.5287000E+00  0.1741233E+00
  0.5344000E+00  0.1845932E+00
  0.5401000E+00  0.1948250E+00
  0.5458000E+00  0.2046887E+00
  0.5515000E+00  0.2140463E+00
  0.5572000E+00  0.2227524E+00
  0.5629000E+00  0.2306570E+00
  0.5686000E+00  0.2376064E+00
  0.5743000E+00  0.2434463E+00
  0.5800000E+00  0.2480241E+00
  0.5857000E+00  0.2511915E+00
  0.5914000E+00  0.2528076E+00
  0.5971000E+00  0.2527419E+00
  0.6028000E+00  0.2508777E+00
  0.6085000E+00  0.2471146E+00
  0.6142000E+00  0.2413722E+00
  0.6199000E+00  0.2335932E+00
  0.6256000E+00  0.2237456E+00
  0.6313000E+00  0.2118259E+00
  0.6370000E+00  0.1978608E+00
  0.6427000E+00  0.1819090E+00
  0.6484000E+00  0.1640628E+00
  0.6541000E+00  0.1444485E+00
  0.6598000E+00  0.1232263E+00
  0.6655000E+00  0.1005903E+00
  0.6712000E+00  0.7676667E-01
  0.6769000E+00  0.5201179E-01
  0.6826000E+00  0.2660964E-01
  0.6883000E+00  0.8682243E-03
  0.6940000E+00 -0.2488452E-01
  0.6997000E+00 -0.5030549E-01
  0.7054000E+00 -0.7504173E-01
  0.7111000E+00 -0.9873632E-01
  0.7168000E+00 -0.1210345E+00
  0.7225000E+00 -0.1415903E+00
  0.7282000E+00 -0.1600732E+00
  0.7339000E+00 -0.1761744E+00
  0.7396000E+00 -0.1896139E+00
  0.7453000E+00 -0.2001468E+00
  0.7510000E+00 -0.2075685E+00
  0.7567000E+00 -0.2117206E+00
  0.7624000E+00 -0.2124954E+00
  0.7681000E+00 -0.2098395E+00
  0.7738000E+00 -0.2037566E+00
  0.7795000E+00 -0.1943095E+00
  0.7852000E+00 -0.1816206E+00
  0.7909000E+00 -0.1658713E+00
  0.7966000E+00 -0.1473003E+00
  0.8023000E+00 -0.1262010E+00
  0.8080000E+00 -0.1029168E+00
  0.8137000E+00 -0.7783625E-01
  0.8194000E+00 -0.5138642E-01
  0.8251000E+00 -0.2402593E-01
  0.8308000E+00  0.3763337E-02
  0.8365000E+00  0.3148500E-01
  0.8422000E+00  0.5863739E-01
  0.8479000E+00  0.8472320E-01
  0.8536000E+00  0.1092591E+00
  0.8593000E+00  0.1317856E+00
  0.8650000E+00  0.1518758E+00
  0.8707000E+00  0.1691450E+00
  0.8764000E+00  0.1832579E+00
  0.8821000E+00  0.1939368E+00
  0.8878000E+00  0.2009668E+00
  0.8935000E+00  0.2042014E+00
  0.8992000E+00  0.2035661E+00
  0.9049000E+00  0.1990600E+00
  0.9106000E+00  0.1907574E+00
  0.9163000E+00  0.1788062E+00
  0.9220000E+00  0.1634260E+00
  0.9277000E+00  0.1449042E+00
  0.9334000E+00  0.1235908E+00
  0.9391000E+00  0.9989145E-01
  0.9448000E+00  0.7426021E-01
  0.9505000E+00  0.4719043E-01
  0.9562000E+00  0.1920515E-01
  0.9619000E+00 -0.9153190E-02
  0.9676000E+00 -0.3733353E-01
  0.9733000E+00 -0.6478718E-01
  0.9790000E+00 -0.9097877E-01
  0.9847000E+00 -0.1153970E+00
  0.9904000E+00 -0.1375648E+00
  0.9961000E+00 -0.1570491E+00
  0.1001800E+01 -0.1734692E+00
  0.1007500E+01 -0.1865048E+00
  0.1013200E+01 -0.1959017E+00
  0.1018900E+01 -0.2014778E+00
  0.1024600E+01 -0.2031257E+00
  0.1030300E+01 -0.2008154E+00
  0.1036000E+01 -0.1945944E+00
  0.1041700E+01 -0.1845868E+00
  0.1047400E+01 -0.1709905E+00
  0.1053100E+01 -0.1540731E+00
  0.1058800E+01 -0.1341667E+00
  0.1064500E+01 -0.1116607E+00
  0.1070200E+01 -0.8699408E-01
  0.1075900E+01 -0.6064656E-01
  0.1081600E+01 -0.3312910E-01
  0.1087300E+01 -0.4973608E-02
  0.1093000E+01  0.2327750E-01
  0.1098700E+01  0.5108195E-01
  0.1104400E+01  0.7790815E-01
  0.1110100E+01  0.1032455E+00
  0.1115800E+01  0.1266140E+00
  0.1121500E+01  0.1475736E+00
  0.1127200E+01  0.1657320E+00
  0.1132900E+01  0.1807524E+00
  0.1138600E+01  0.1923590E+00
  0.1144300E+01  0.2003421E+00
  0.1150000E+01  0.2045616E+00
  0.1155700E+01  0.2049488E+00
  0.1161400E+01  0.2015078E+00
  0.1167100E+01  0.1943137E+00
  0.1172800E+01  0.1835116E+00
  0.1178500E+01  0.1693126E+00
  0.1184200E+01  0.1519896E+00
  0.1189900E+01  0.1318714E+00
  0.1195600E+01  0.1093361E+00
  0.1201300E+01  0.8480353E-01
  0.1207000E+01  0.5872724E-01
  0.1212700E+01  0.3158572E-01
  0.1218400E+01  0.3873358E-02
  0.1224100E+01 -0.2390875E-01
  0.1229800E+01 -0.5126197E-01
  0.1235500E+01 -0.7769915E-01
  0.1241200E+01 -0.1027533E+00
  0.1246900E+01 -0.1259856E+00
  0.1252600E+01 -0.1469932E+00
  0.1258300E+01 -0.1654157E+00
  0.1264000E+01 -0.1809412E+00
  0.1269700E+01 -0.1933111E+00
  0.1275400E+01 -0.2023241E+00
  0.1281100E+01 -0.2078387E+00
  0.1286800E+01 -0.2097755E+00
  0.1292500E+01 -0.2081172E+00
  0.1298200E+01 -0.2029081E+00
  0.1303900E+01 -0.1942529E+00
  0.1309600E+01 -0.1823138E+00
  0.1315300E+01 -0.1673070E+00
  0.1321000E+01 -0.1494983E+00
  0.1326700E+01 -0.1291978E+00
  0.1332400E+01 -0.1067544E+00
  0.1338100E+01 -0.8254890E-01
  0.1343800E+01 -0.5698754E-01
  0.1349500E+01 -0.3049482E-01
  0.1355200E+01 -0.3506232E-02
  0.1360900E+01  0.2353908E-01
  0.1366600E+01  0.5020552E-01
  0.1372300E+01  0.7606805E-01
  0.1378000E+01  0.1007189E+00
  0.1383700E+01  0.1237739E+00
  0.1389400E+01  0.1448781E+00
  0.1395100E+01  0.1637111E+00
  0.1400800E+01  0.1799916E+00
  0.1406500E+01  0.1934810E+00
  0.1412200E+01  0.2039867E+00
  0.1417900E+01  0.2113639E+00
  0.1423600E+01  0.2155178E+00
  0.1429300E+01  0.2164034E+00
  0.1435000E+01  0.2140258E+00
  0.1440700E+01  0.2084394E+00
  0.1446400E+01  0.1997459E+00
  0.1452100E+01  0.1880921E+00
  0.1457800E+01  0.1736671E+00
  0.1463500E+01  0.1566982E+00
  0.1469200E+01  0.1374478E+00
  0.1474900E+01  0.1162079E+00
  0.1480600E+01  0.9329619E-01
  0.1486300E+01  0.6905029E-01
  0.1492000E+01  0.4382294E-01
  0.1497700E+01  0.1797652E-01
  0.1503400E+01 -0.8122277E-02
  0.1509100E+01 -0.3410775E-01
  0.1514800E+01 -0.5962028E-01
  0.1520500E+01 -0.8431131E-01
  0.1526200E+01 -0.1078479E+00
  0.1531900E+01 -0.1299172E+00
  0.1537600E+01 -0.1502301E+00
  0.1543300E+01 -0.1685252E+00
  0.1549000E+01 -0.1845712E+00
  0.1554700E+01 -0.1981699E+00
  0.1560400E+01 -0.2091583E+00
  0.1566100E+01 -0.2174095E+00
  0.1571800E+01 -0.2228344E+00
  0.1577500E+01 -0.2253816E+00
  0.1583200E+01 -0.2250377E+00
  0.1588900E+01 -0.2218263E+00
  0.1594600E+01 -0.2158073E+00
  0.1600300E+01 -0.2070755E+00
  0.1606000E+01 -0.1957583E+00
  0.1611700E+01 -0.1820136E+00
  0.1617400E+01 -0.1660275E+00
  0.1623100E+01 -0.1480108E+00
  0.1628800E+01 -0.1281965E+00
  0.1634500E+01 -0.1068360E+00
  0.1640200E+01 -0.8419601E-01
  0.1645900E+01 -0.6055474E-01
  0.1651600E+01 -0.3619841E-01
  0.1657300E+01 -0.1141768E-01
  0.1663000E+01  0.1349596E-01
  0.1668700E+01  0.3825362E-01
  0.1674400E+01  0.6257234E-01
  0.1680100E+01  0.8617826E-01
  0.1685800E+01  0.1088096E+00
  0.1691500E+01  0.1302193E+00
  0.1697200E+01  0.1501778E+00
  0.1702900E+01  0.1684750E+00
  0.1708600E+01  0.1849222E+00
  0.1714300E+01  0.1993537E+00
  0.1720000E+01  0.2116286E+00
  0.1725700E+01  0.2216311E+00
  0.1731400E+01  0.2292717E+00
  0.1737100E+01  0.2344873E+00
  0.1742800E+01  0.2372416E+00
  0.1748500E+01  0.2375246E+00
  0.1754200E+01  0.2353523E+00
  0.1759900E+01  0.2307656E+00
  0.1765600E+01  0.2238299E+00
  0.1771300E+01  0.2146334E+00
  0.1777000E+01  0.2032858E+00
  0.1782700E+01  0.1899166E+00
  0.1788400E+01  0.1746735E+00
  0.1794100E+01  0.1577206E+00
  0.1799800E+01  0.1392359E+00
  0.1805500E+01  0.1194095E+00
  0.1811200E+01  0.9844181E-01
  0.1816900E+01  0.7654059E-01
  0.1822600E+01  0.5391937E-01
  0.1828300E+01  0.3079501E-01
  0.1834000E+01  0.7385620E-02
  0.1839700E+01 -0.1609158E-01
  0.1845400E+01 -0.3942224E-01
  0.1851100E+01 -0.6239683E-01
  0.1856800E+01 -0.8481245E-01
  0.1862500E+01 -0.1064745E+00
  0.1868200E+01 -0.1271984E+00
  0.1873900E+01 -0.1468108E+00
  0.1879600E+01 -0.1651509E+00
  0.1885300E+01 -0.1820717E+00
  0.1891000E+01 -0.1974410E+00
  0.1896700E+01 -0.2111419E+00
  0.1902400E+01 -0.2230737E+00
  0.1908100E+01 -0.2331521E+00
  0.1913800E+01 -0.2413101E+00
  0.1919500E+01 -0.2474972E+00
  0.1925200E+01 -0.2516804E+00
  0.1930900E+01 -0.2538431E+00
  0.1936600E+01 -0.2539857E+00
  0.1942300E+01 -0.2521245E+00
  0.1948000E+01 -0.2482914E+00
  0.1953700E+01 -0.2425335E+00
  0.1959400E+01 -0.2349117E+00
  0.1965100E+01 -0.2255005E+00
  0.1970800E+01 -0.2143867E+00
  0.1976500E+01 -0.2016687E+00
  0.1982200E+01 -0.1874549E+00
  0.1987900E+01 -0.1718631E+00
  0.1993600E+01 -0.1550194E+00
  0.1999300E+01 -0.1370566E+00
  0.2005000E+01 -0.1181132E+00
  0.2010700E+01 -0.9833243E-01
  0.2016400E+01 -0.7786087E-01
  0.2022100E+01 -0.5684732E-01
  0.2027800E+01 -0.3544168E-01
  0.2033500E+01 -0.1379384E-01
  0.2039200E+01  0.7947401E-02
  0.2044900E+01  0.2963533E-01
  0.2050600E+01  0.5112631E-01
  0.2056300E+01  0.7228068E-01
  0.2062000E+01  0.9296363E-01
  0.2067700E+01  0.1130460E+00
  0.2073400E+01  0.1324048E+00
  0.2079100E+01  0.1509243E+00
  0.2084800E+01  0.1684962E+00
  0.2090500E+01  0.1850203E+00
  0.2096200E+01  0.2004047E+00
  0.2101900E+01  0.2145667E+00
  0.2107600E+01  0.2274324E+00
  0.2113300E+01  0.2389376E+00
  0.2119000E+01  0.2490272E+00
  0.2124700E+01  0.2576560E+00
  0.2130400E+01  0.2647882E+00
  0.2136100E+01  0.2703974E+00
  0.2141800E+01  0.2744669E+00
  0.2147500E+01  0.2769890E+00
  0.2153200E+01  0.2779650E+00
  0.2158900E+01  0.2774051E+00
  0.2164600E+01  0.2753277E+00
  0.2170300E+01  0.2717595E+00
  0.2176000E+01  0.2667347E+00
  0.2181700E+01  0.2602947E+00
  0.2187400E+01  0.2524880E+00
  0.2193100E+01  0.2433690E+00
  0.2198800E+01  0.2329983E+00
  0.2204500E+01  0.2214416E+00
  0.2210200E+01  0.2087694E+00
  0.2215900E+01  0.1950567E+00
  0.2221600E+01  0.1803819E+00
  0.2227300E+01  0.1648267E+00
  0.2233000E+01  0.1484757E+00
  0.2238700E+01  0.1314155E+00
  0.2244400E+01  0.1137341E+00
  0.2250100E+01  0.9552103E-01
  0.2255800E+01  0.7686616E-01
  0.2261500E+01  0.5785964E-01
  0.2267200E+01  0.3859131E-01
  0.2272900E+01  0.1915026E-01
  0.2278600E+01 -0.3755522E-03
  0.2284300E+01 -0.1989972E-01
  0.2290000E+01 -0.3933775E-01
  0.2295700E+01 -0.5860738E-01
  0.2301400E+01 -0.7762895E-01
  0.2307100E+01 -0.9632563E-01
  0.2312800E+01 -0.1146237E+00
  0.2318500E+01 -0.1324530E+00
  0.2324200E+01 -0.1497465E+00
  0.2329900E+01 -0.1664415E+00
  0.2335600E+01 -0.1824788E+00
  0.2341300E+01 -0.1978033E+00
  0.2347000E+01 -0.2123644E+00
  0.2352700E+01 -0.2261153E+00
  0.2358400E+01 -0.2390139E+00
  0.2364100E+01 -0.2510220E+00
  0.2369800E+01 -0.2621062E+00
  0.2375500E+01 -0.2722372E+00
  0.2381200E+01 -0.2813900E+00
  0.2386900E+01 -0.2895441E+00
  0.2392600E+01 -0.2966830E+00
  0.2398300E+01 -0.3027944E+00
  0.2404000E+01 -0.3078700E+00
  0.2409700E+01 -0.3119056E+00
  0.2415400E+01 -0.3149006E+00
  0.2421100E+01 -0.3168583E+00
  0.2426800E+01 -0.3177853E+00
  0.2432500E+01 -0.3176917E+00
  0.2438200E+01 -0.3165909E+00
  0.2443900E+01 -0.3144992E+00
  0.2449600E+01 -0.3114359E+00
  0.2455300E+01 -0.3074230E+00
  0.2461000E+01 -0.3024849E+00
  0.2466700E+01 -0.2966486E+00
  0.2472400E+01 -0.2899430E+00
  0.2478100E+01 -0.2823991E+00
  0.2483800E+01 -0.2740498E+00
  0.2489500E+01 -0.2649293E+00
  0.2495200E+01 -0.2550736E+00
  0.2500900E+01 -0.2445196E+00
  0.2506600E+01 -0.2333055E+00
  0.2512300E+01 -0.2214703E+00
  0.2518000E+01 -0.2090539E+00
  0.2523700E+01 -0.1960965E+00
  0.2529400E+01 -0.1826388E+00
  0.2535100E+01 -0.1687219E+00
  0.2540800E+01 -0.1543870E+00
  0.2546500E+01 -0.1396749E+00
  0.2552200E+01 -0.1246268E+00
  0.2557900E+01 -0.1092833E+00
  0.2563600E+01 -0.9368448E-01
  0.2569300E+01 -0.7787017E-01
  0.2575000E+01 -0.6187944E-01
  0.2580700E+01 -0.4575066E-01
  0.2586400E+01 -0.2952137E-01
  0.2592100E+01 -0.1322825E-01
  0.2597800E+01  0.3093041E-02
  0.2603500E+01  0.1940785E-01
  0.2609200E+01  0.3568264E-01
  0.2614900E+01  0.5188505E-01
  0.2620600E+01  0.6798391E-01
  0.2626300E+01  0.8394932E-01
  0.2632000E+01  0.9975267E-01
  0.2637700E+01  0.1153667E+00
  0.2643400E+01  0.1307653E+00
  0.2649100E+01  0.1459242E+00
  0.2654800E+01  0.1608199E+00
  0.2660500E+01  0.1754307E+00
  0.2666200E+01  0.1897362E+00
  0.2671900E+01  0.2037173E+00
  0.2677600E+01  0.2173564E+00
  0.2683300E+01  0.2306373E+00
  0.2689000E+01  0.2435449E+00
  0.2694700E+01  0.2560658E+00
  0.2700400E+01  0.2681877E+00
  0.2706100E+01  0.2798996E+00
  0.2711800E+01  0.2911919E+00
  0.2717500E+01  0.3020561E+00
  0.2723200E+01  0.3124851E+00
  0.2728900E+01  0.3224728E+00
  0.2734600E+01  0.3320142E+00
  0.2740300E+01  0.3411057E+00
  0.2746000E+01  0.3497445E+00
  0.2751700E+01  0.3579290E+00
  0.2757400E+01  0.3656584E+00
  0.2763100E+01  0.3729330E+00
  0.2768800E+01  0.3797539E+00
  0.2774500E+01  0.3861233E+00
  0.2780200E+01  0.3920438E+00
  0.2785900E+01  0.3975192E+00
  0.2791600E+01  0.4025539E+00
  0.2797300E+01  0.4071528E+00
  0.2803000E+01  0.4113216E+00
  0.2808700E+01  0.4150667E+00
  0.2814400E+01  0.4183950E+00
  0.2820100E+01  0.4213137E+00
  0.2825800E+01  0.4238309E+00
  0.2831500E+01  0.4259548E+00
  0.2837200E+01  0.4276941E+00
  0.2842900E+01  0.4290579E+00
  0.2848600E+01  0.4300556E+00
  0.2854300E+01  0.4306970E+00
  0.2860000E+01  0.4309921E+00
  0.2865700E+01  0.4309509E+00
  0.2871400E+01  0.4305840E+00
  0.2877100E+01  0.4299018E+00
  0.2882800E+01  0.4289150E+00
  0.2888500E+01  0.4276345E+00
  0.2894200E+01  0.4260711E+00
  0.2899900E+01  0.4242356E+00
  0.2905600E+01  0.4221390E+00
  0.2911300E+01  0.4197923E+00
  0.2917000E+01  0.4172063E+00
  0.2922700E+01  0.4143919E+00
  0.2928400E+01  0.4113600E+00
  0.2934100E+01  0.4081211E+00
  0.2939800E+01  0.4046860E+00
  0.2945500E+01  0.4010650E+00
  0.2951200E+01  0.3972687E+00
  0.2956900E+01  0.3933071E+00
  0.2962600E+01  0.3891904E+00
  0.2968300E+01  0.3849284E+00
  0.2974000E+01  0.3805308E+00
  0.2979700E+01  0.3760071E+00
  0.2985400E+01  0.3713667E+00
  0.2991100E+01  0.3666186E+00
  0.2996800E+01  0.3617716E+00
  0.3002500E+01  0.3568345E+00
  0.3008200E+01  0.3518156E+00
  0.3013900E+01  0.3467231E+00
  0.3019600E+01  0.3415650E+00
  0.3025300E+01  0.3363490E+00
  0.3031000E+01  0.3310825E+00
  0.3036700E+01  0.3257727E+00
  0.3042400E+01  0.3204267E+00
  0.3048100E+01  0.3150512E+00
  0.3053800E+01  0.3096525E+00
  0.3059500E+01  0.3042370E+00
  0.3065200E+01  0.2988106E+00
  0.3070900E+01  0.2933791E+00
  0.3076600E+01  0.2879480E+00
  0.3082300E+01  0.2825225E+00
  0.3088000E+01  0.2771076E+00
  0.3093700E+01  0.2717082E+00
  0.3099400E+01  0.2663287E+00
  0.3105100E+01  0.2609736E+00
  0.3110800E+01  0.2556469E+00
  0.3116500E+01  0.2503526E+00
  0.3122200E+01  0.2450942E+00
  0.3127900E+01  0.2398753E+00
  0.3133600E+01  0.2346991E+00
  0.3139300E+01  0.2295686E+00
  0.3145000E+01  0.2244868E+00
  0.3150700E+01  0.2194564E+00
  0.3156400E+01  0.2144797E+00
  0.3162100E+01  0.2095591E+00
  0.3167800E+01  0.2046969E+00
  0.3173500E+01  0.1998948E+00
  0.3179200E+01  0.1951547E+00
  0.3184900E+01  0.1904784E+00
  0.3190600E+01  0.1858672E+00
  0.3196300E+01  0.1813225E+00
  0.3202000E+01  0.1768455E+00
  0.3207700E+01  0.1724373E+00
  0.3213400E+01  0.1680988E+00
  0.3219100E+01  0.1638309E+00
  0.3224800E+01  0.1596342E+00
  0.3230500E+01  0.1555094E+00
  0.3236200E+01  0.1514567E+00
  0.3241900E+01  0.1474768E+00
  0.3247600E+01  0.1435697E+00
  0.3253300E+01  0.1397356E+00
  0.3259000E+01  0.1359747E+00
  0.3264700E+01  0.1322869E+00
  0.3270400E+01  0.1286722E+00
  0.3276100E+01  0.1251302E+00
  0.3281800E+01  0.1216609E+00
  0.3287500E+01  0.1182638E+00
  0.3293200E+01  0.1149387E+00
  0.3298900E+01  0.1116850E+00
  0.3304600E+01  0.1085022E+00
  0.3310300E+01  0.1053898E+00
  0.3316000E+01  0.1023473E+00
  0.3321700E+01  0.9937385E-01
  0.3327400E+01  0.9646888E-01
  0.3333100E+01  0.9363162E-01
  0.3338800E+01  0.9086129E-01
  0.3344500E+01  0.8815710E-01
  0.3350200E+01  0.8551820E-01
  0.3355900E+01  0.8294373E-01
  0.3361600E+01  0.8043280E-01
  0.3367300E+01  0.7798448E-01
  0.3373000E+01  0.7559786E-01
  0.3378700E+01  0.7327196E-01
  0.3384400E+01  0.7100582E-01
  0.3390100E+01  0.6879845E-01
  0.3395800E+01  0.6664886E-01
  0.3401500E+01  0.6455604E-01
  0.3407200E+01  0.6251898E-01
  0.3412900E+01  0.6053664E-01
  0.3418600E+01  0.5860801E-01
  0.3424300E+01  0.5673206E-01
  0.3430000E+01  0.5490774E-01
  0.3435700E+01  0.5313403E-01
  0.3441400E+01  0.5140990E-01
  0.3447100E+01  0.4973432E-01
  0.3452800E+01  0.4810626E-01
  0.3458500E+01  0.4652469E-01
  0.3464200E+01  0.4498861E-01
  0.3469900E+01  0.4349700E-01
  0.3475600E+01  0.4204886E-01
  0.3481300E+01  0.4064319E-01
  0.3487000E+01  0.3927900E-01
  0.3492700E+01  0.3795533E-01
  0.3498400E+01  0.3667120E-01
  0.3504100E+01  0.3542566E-01
  0.3509800E+01  0.3421777E-01
  0.3515500E+01  0.3304658E-01
  0.3521200E+01  0.3191119E-01
  0.3526900E+01  0.3081069E-01
  0.3532600E+01  0.2974418E-01
  0.3538300E+01  0.2871078E-01
  0.3544000E+01  0.2770962E-01
  0.3549700E+01  0.2673986E-01
  0.3555400E+01  0.2580065E-01
  0.3561100E+01  0.2489117E-01
  0.3566800E+01  0.2401061E-01
  0.3572500E+01  0.2315817E-01
  0.3578200E+01  0.2233309E-01
  0.3583900E+01  0.2153458E-01
  0.3589600E+01  0.2076190E-01
  0.3595300E+01  0.2001431E-01
  0.3601000E+01  0.1929110E-01
  0.3606700E+01  0.1859156E-01
  0.3612400E+01  0.1791500E-01
  0.3618100E+01  0.1726074E-01
  0.3623800E+01  0.1662812E-01
  0.3629500E+01  0.1601649E-01
  0.3635200E+01  0.1542522E-01
  0.3640900E+01  0.1485370E-01
  0.3646600E+01  0.1430132E-01
  0.3652300E+01  0.1376748E-01
  0.3658000E+01  0.1325162E-01
  0.3663700E+01  0.1275318E-01
  0.3669400E+01  0.1227159E-01
  0.3675100E+01  0.1180634E-01
  0.3680800E+01  0.1135689E-01
  0.3686500E+01  0.1092273E-01
  0.3692200E+01  0.1050338E-01
  0.3697900E+01  0.1009834E-01
  0.3703600E+01  0.9707152E-02
  0.3709300E+01  0.9329345E-02
  0.3715000E+01  0.8964476E-02
  0.3720700E+01  0.8612108E-02
  0.3726400E+01  0.8271816E-02
  0.3732100E+01  0.7943186E-02
  0.3737800E+01  0.7625816E-02
  0.3743500E+01  0.7319313E-02
  0.3749200E+01  0.7023294E-02
  0.3754900E+01  0.6737389E-02
  0.3760600E+01  0.6461234E-02
  0.3766300E+01  0.6194478E-02
  0.3772000E+01  0.5936778E-02
  0.3777700E+01  0.5687799E-02
  0.3783400E+01  0.5447216E-02
  0.3789100E+01  0.5214713E-02
  0.3794800E+01  0.4989982E-02
  0.3800500E+01  0.4772722E-02
  0.3806200E+01  0.4562641E-02
  0.3811900E+01  0.4359455E-02
  0.3817600E+01  0.4162886E-02
  0.3823300E+01  0.3972664E-02
  0.3829000E+01  0.3788525E-02
  0.3834700E+01  0.3610214E-02
  0.3840400E+01  0.3437479E-02
  0.3846100E+01  0.3270076E-02
  0.3851800E+01  0.3107767E-02
  0.3857500E+01  0.2950319E-02
  0.3863200E+01  0.2797504E-02
  0.3868900E+01  0.2649101E-02
  0.3874600E+01  0.2504893E-02
  0.3880300E+01  0.2364665E-02
  0.3886000E+01  0.2228211E-02
  0.3891700E+01  0.2095326E-02
  0.3897400E+01  0.1965811E-02
  0.3903100E+01  0.1839468E-02
  0.3908800E+01  0.1716105E-02
  0.3914500E+01  0.1595533E-02
  0.3920200E+01  0.1477565E-02
  0.3925900E+01  0.1362016E-02
  0.3931600E+01  0.1248706E-02
  0.3937300E+01  0.1137456E-02
  0.3943000E+01  0.1028089E-02
  0.3948700E+01  0.9204288E-03
  0.3954400E+01  0.8143028E-03
  0.3960100E+01  0.7095385E-03
  0.3965800E+01  0.6059645E-03
  0.3971500E+01  0.5034105E-03
  0.3977200E+01  0.4017066E-03
  0.3982900E+01  0.3006833E-03
  0.3988600E+01  0.2001710E-03
  0.3994300E+01  0.1000000E-03
  0.4000000E+01  0.0000000E+00
