  0.1000000E-01  0.0000000E+00
  0.1570000E-01  0.6351388E-05
  0.2140000E-01  0.1380478E-04
  0.2710000E-01  0.2359840E-04
  0.3280000E-01  0.3730026E-04
  0.3850000E-01  0.5703646E-04
  0.4420000E-01  0.8578508E-04
  0.4990000E-01  0.1277717E-03
  0.5560000E-01  0.1890119E-03
  0.6130000E-01  0.2780609E-03
  0.6700000E-01  0.4070489E-03
  0.7270000E-01  0.5931072E-03
  0.7840000E-01  0.8603263E-03
  0.8410000E-01  0.1242432E-02
  0.8980000E-01  0.1786424E-02
  0.9550000E-01  0.2557505E-02
  0.1012000E+00  0.3645716E-02
  0.1069000E+00  0.5174837E-02
  0.1126000E+00  0.7314260E-02
  0.1183000E+00  0.1029475E-01
  0.1240000E+00  0.1442928E-01
  0.1297000E+00  0.2014043E-01
  0.1354000E+00  0.2799619E-01
  0.1411000E+00  0.3875669E-01
  0.1468000E+00  0.5343465E-01
  0.1525000E+00  0.7337341E-01
  0.1582000E+00  0.1003471E+00
  0.1639000E+00  0.1366885E+00
  0.1696000E+00  0.1854515E+00
  0.1753000E+00  0.2506172E+00
  0.1810000E+00  0.3373523E+00
  0.1867000E+00  0.4523335E+00
  0.1924000E+00  0.6041519E+00
  0.1981000E+00  0.8038146E+00
  0.2038000E+00  0.1065363E+01
  0.2095000E+00  0.1406633E+01
  0.2152000E+00  0.1850185E+01
  0.2209000E+00  0.2424432E+01
  0.2266000E+00  0.3165004E+01
  0.2323000E+00  0.4116397E+01
  0.2380000E+00  0.5333934E+01
  0.2437000E+00  0.6886114E+01
  0.2494000E+00  0.8857387E+01
  0.2551000E+00  0.1135142E+02
  0.2608000E+00  0.1449494E+02
  0.2665000E+00  0.1844217E+02
  0.2722000E+00  0.2338004E+02
  0.2779000E+00  0.2953411E+02
  0.2836000E+00  0.3717537E+02
  0.2893000E+00  0.4662804E+02
  0.2950000E+00  0.5827826E+02
  0.3007000E+00  0.7258397E+02
  0.3064000E+00  0.9008582E+02
  0.3121000E+00  0.1114193E+03
  0.3178000E+00  0.1373280E+03
  0.3235000E+00  0.1686782E+03
  0.3292000E+00  0.2064743E+03
  0.3349000E+00  0.2518756E+03
  0.3406000E+00  0.3062139E+03
  0.3463000E+00  0.3710118E+03
  0.3520000E+00  0.4480021E+03
  0.3577000E+00  0.5391464E+03
  0.3634000E+00  0.6466546E+03
  0.3691000E+00  0.7730036E+03
  0.3748000E+00  0.9209549E+03
  0.3805000E+00  0.1093571E+04
  0.3862000E+00  0.1294227E+04
  0.3919000E+00  0.1526626E+04
  0.3976000E+00  0.1794801E+04
  0.4033000E+00  0.2103121E+04
  0.4090000E+00  0.2456285E+04
  0.4147000E+00  0.2859312E+04
  0.4204000E+00  0.3317528E+04
  0.4261000E+00  0.3836532E+04
  0.4318000E+00  0.4422167E+04
  0.4375000E+00  0.5080469E+04
  0.4432000E+00  0.5817611E+04
  0.4489000E+00  0.6639831E+04
  0.4546000E+00  0.7553354E+04
  0.4603000E+00  0.8564288E+04
  0.4660000E+00  0.9678522E+04
  0.4717000E+00  0.1090160E+05
  0.4774000E+00  0.1223858E+05
  0.4831000E+00  0.1369390E+05
  0.4888000E+00  0.1527121E+05
  0.4945000E+00  0.1697321E+05
  0.5002000E+00  0.1880146E+05
  0.5059000E+00  0.2075624E+05
  0.5116000E+00  0.2283632E+05
  0.5173000E+00  0.2503882E+05
  0.5230000E+00  0.2735901E+05
  0.5287000E+00  0.2979017E+05
  0.5344000E+00  0.3232343E+05
  0.5401000E+00  0.3494762E+05
  0.5458000E+00  0.3764920E+05
  0.5515000E+00  0.4041215E+05
  0.5572000E+00  0.4321796E+05
  0.5629000E+00  0.4604557E+05
  0.5686000E+00  0.4887144E+05
  0.5743000E+00  0.5166966E+05
  0.5800000E+00  0.5441202E+05
  0.5857000E+00  0.5706824E+05
  0.5914000E+00  0.5960620E+05
  0.5971000E+00  0.6199221E+05
  0.6028000E+00  0.6419143E+05
  0.6085000E+00  0.6616818E+05
  0.6142000E+00  0.6788648E+05
  0.6199000E+00  0.6931053E+05
  0.6256000E+00  0.7040522E+05
  0.6313000E+00  0.7113678E+05
  0.6370000E+00  0.7147332E+05
  0.6427000E+00  0.7138551E+05
  0.6484000E+00  0.7084721E+05
  0.6541000E+00  0.6983608E+05
  0.6598000E+00  0.6833420E+05
  0.6655000E+00  0.6632868E+05
  0.6712000E+00  0.6381219E+05
  0.6769000E+00  0.6078348E+05
  0.6826000E+00  0.5724774E+05
  0.6883000E+00  0.5321702E+05
  0.6940000E+00  0.4871040E+05
  0.6997000E+00  0.4375421E+05
  0.7054000E+00  0.3838202E+05
  0.7111000E+00  0.3263453E+05
  0.7168000E+00  0.2655943E+05
  0.7225000E+00  0.2021096E+05
  0.7282000E+00  0.1364952E+05
  0.7339000E+00  0.6941004E+04
  0.7396000E+00  0.1561092E+03
  0.7453000E+00 -0.6630539E+04
  0.7510000E+00 -0.1334133E+05
  0.7567000E+00 -0.1989671E+05
  0.7624000E+00 -0.2621635E+05
  0.7681000E+00 -0.3222030E+05
  0.7738000E+00 -0.3783026E+05
  0.7795000E+00 -0.4297085E+05
  0.7852000E+00 -0.4757084E+05
  0.7909000E+00 -0.5156443E+05
  0.7966000E+00 -0.5489247E+05
  0.8023000E+00 -0.5750353E+05
  0.8080000E+00 -0.5935500E+05
  0.8137000E+00 -0.6041399E+05
  0.8194000E+00 -0.6065812E+05
  0.8251000E+00 -0.6007619E+05
  0.8308000E+00 -0.5866861E+05
  0.8365000E+00 -0.5644772E+05
  0.8422000E+00 -0.5343784E+05
  0.8479000E+00 -0.4967523E+05
  0.8536000E+00 -0.4520774E+05
  0.8593000E+00 -0.4009428E+05
  0.8650000E+00 -0.3440416E+05
  0.8707000E+00 -0.2821616E+05
  0.8764000E+00 -0.2161743E+05
  0.8821000E+00 -0.1470231E+05
  0.8878000E+00 -0.7570908E+04
  0.8935000E+00 -0.3275879E+03
  0.8992000E+00  0.6920596E+04
  0.9049000E+00  0.1406559E+05
  0.9106000E+00  0.2100003E+05
  0.9163000E+00  0.2761898E+05
  0.9220000E+00  0.3382161E+05
  0.9277000E+00  0.3951286E+05
  0.9334000E+00  0.4460500E+05
  0.9391000E+00  0.4901909E+05
  0.9448000E+00  0.5268628E+05
  0.9505000E+00  0.5554905E+05
  0.9562000E+00  0.5756210E+05
  0.9619000E+00  0.5869322E+05
  0.9676000E+00  0.5892380E+05
  0.9733000E+00  0.5824922E+05
  0.9790000E+00  0.5667897E+05
  0.9847000E+00  0.5423649E+05
  0.9904000E+00  0.5095889E+05
  0.9961000E+00  0.4689631E+05
  0.1001800E+01  0.4211117E+05
  0.1007500E+01  0.3667719E+05
  0.1013200E+01  0.3067818E+05
  0.1018900E+01  0.2420669E+05
  0.1024600E+01  0.1736258E+05
  0.1030300E+01  0.1025138E+05
  0.1036000E+01  0.2982606E+04
  0.1041700E+01 -0.4331966E+04
  0.1047400E+01 -0.1158009E+05
  0.1053100E+01 -0.1865083E+05
  0.1058800E+01 -0.2543626E+05
  0.1064500E+01 -0.3183321E+05
  0.1070200E+01 -0.3774482E+05
  0.1075900E+01 -0.4308202E+05
  0.1081600E+01 -0.4776489E+05
  0.1087300E+01 -0.5172386E+05
  0.1093000E+01 -0.5490070E+05
  0.1098700E+01 -0.5724936E+05
  0.1104400E+01 -0.5873658E+05
  0.1110100E+01 -0.5934232E+05
  0.1115800E+01 -0.5905996E+05
  0.1121500E+01 -0.5789627E+05
  0.1127200E+01 -0.5587121E+05
  0.1132900E+01 -0.5301751E+05
  0.1138600E+01 -0.4938004E+05
  0.1144300E+01 -0.4501502E+05
  0.1150000E+01 -0.3998907E+05
  0.1155700E+01 -0.3437806E+05
  0.1161400E+01 -0.2826594E+05
  0.1167100E+01 -0.2174337E+05
  0.1172800E+01 -0.1490629E+05
  0.1178500E+01 -0.7854453E+04
  0.1184200E+01 -0.6899251E+03
  0.1189900E+01  0.6484461E+04
  0.1195600E+01  0.1356660E+05
  0.1201300E+01  0.2045658E+05
  0.1207000E+01  0.2705813E+05
  0.1212700E+01  0.3327991E+05
  0.1218400E+01  0.3903678E+05
  0.1224100E+01  0.4425094E+05
  0.1229800E+01  0.4885288E+05
  0.1235500E+01  0.5278229E+05
  0.1241200E+01  0.5598875E+05
  0.1246900E+01  0.5843229E+05
  0.1252600E+01  0.6008376E+05
  0.1258300E+01  0.6092512E+05
  0.1264000E+01  0.6094946E+05
  0.1269700E+01  0.6016095E+05
  0.1275400E+01  0.5857457E+05
  0.1281100E+01  0.5621577E+05
  0.1286800E+01  0.5311990E+05
  0.1292500E+01  0.4933163E+05
  0.1298200E+01  0.4490412E+05
  0.1303900E+01  0.3989824E+05
  0.1309600E+01  0.3438159E+05
  0.1315300E+01  0.2842750E+05
  0.1321000E+01  0.2211397E+05
  0.1326700E+01  0.1552261E+05
  0.1332400E+01  0.8737475E+04
  0.1338100E+01  0.1843970E+04
  0.1343800E+01 -0.5072256E+04
  0.1349500E+01 -0.1192640E+05
  0.1355200E+01 -0.1863554E+05
  0.1360900E+01 -0.2511966E+05
  0.1366600E+01 -0.3130254E+05
  0.1372300E+01 -0.3711264E+05
  0.1378000E+01 -0.4248386E+05
  0.1383700E+01 -0.4735625E+05
  0.1389400E+01 -0.5167659E+05
  0.1395100E+01 -0.5539888E+05
  0.1400800E+01 -0.5848473E+05
  0.1406500E+01 -0.6090366E+05
  0.1412200E+01 -0.6263327E+05
  0.1417900E+01 -0.6365933E+05
  0.1423600E+01 -0.6397577E+05
  0.1429300E+01 -0.6358455E+05
  0.1435000E+01 -0.6249545E+05
  0.1440700E+01 -0.6072581E+05
  0.1446400E+01 -0.5830015E+05
  0.1452100E+01 -0.5524968E+05
  0.1457800E+01 -0.5161190E+05
  0.1463500E+01 -0.4742992E+05
  0.1469200E+01 -0.4275196E+05
  0.1474900E+01 -0.3763064E+05
  0.1480600E+01 -0.3212234E+05
  0.1486300E+01 -0.2628648E+05
  0.1492000E+01 -0.2018487E+05
  0.1497700E+01 -0.1388094E+05
  0.1503400E+01 -0.7439089E+04
  0.1509100E+01 -0.9239641E+03
  0.1514800E+01  0.5600181E+04
  0.1520500E+01  0.1207014E+05
  0.1526200E+01  0.1842436E+05
  0.1531900E+01  0.2460351E+05
  0.1537600E+01  0.3055101E+05
  0.1543300E+01  0.3621350E+05
  0.1549000E+01  0.4154130E+05
  0.1554700E+01  0.4648876E+05
  0.1560400E+01  0.5101461E+05
  0.1566100E+01  0.5508220E+05
  0.1571800E+01  0.5865974E+05
  0.1577500E+01  0.6172045E+05
  0.1583200E+01  0.6424267E+05
  0.1588900E+01  0.6620992E+05
  0.1594600E+01  0.6761088E+05
  0.1600300E+01  0.6843934E+05
  0.1606000E+01  0.6869415E+05
  0.1611700E+01  0.6837901E+05
  0.1617400E+01  0.6750237E+05
  0.1623100E+01  0.6607716E+05
  0.1628800E+01  0.6412056E+05
  0.1634500E+01  0.6165372E+05
  0.1640200E+01  0.5870148E+05
  0.1645900E+01  0.5529201E+05
  0.1651600E+01  0.5145653E+05
  0.1657300E+01  0.4722889E+05
  0.1663000E+01  0.4264526E+05
  0.1668700E+01  0.3774374E+05
  0.1674400E+01  0.3256400E+05
  0.1680100E+01  0.2714692E+05
  0.1685800E+01  0.2153423E+05
  0.1691500E+01  0.1576815E+05
  0.1697200E+01  0.9891037E+04
  0.1702900E+01  0.3945094E+04
  0.1708600E+01 -0.2027982E+04
  0.1714300E+01 -0.7987276E+04
  0.1720000E+01 -0.1389293E+05
  0.1725700E+01 -0.1970642E+05
  0.1731400E+01 -0.2539077E+05
  0.1737100E+01 -0.3091074E+05
  0.1742800E+01 -0.3623310E+05
  0.1748500E+01 -0.4132671E+05
  0.1754200E+01 -0.4616268E+05
  0.1759900E+01 -0.5071452E+05
  0.1765600E+01 -0.5495823E+05
  0.1771300E+01 -0.5887235E+05
  0.1777000E+01 -0.6243799E+05
  0.1782700E+01 -0.6563894E+05
  0.1788400E+01 -0.6846159E+05
  0.1794100E+01 -0.7089498E+05
  0.1799800E+01 -0.7293075E+05
  0.1805500E+01 -0.7456306E+05
  0.1811200E+01 -0.7578860E+05
  0.1816900E+01 -0.7660645E+05
  0.1822600E+01 -0.7701803E+05
  0.1828300E+01 -0.7702696E+05
  0.1834000E+01 -0.7663901E+05
  0.1839700E+01 -0.7586190E+05
  0.1845400E+01 -0.7470524E+05
  0.1851100E+01 -0.7318036E+05
  0.1856800E+01 -0.7130020E+05
  0.1862500E+01 -0.6907912E+05
  0.1868200E+01 -0.6653281E+05
  0.1873900E+01 -0.6367811E+05
  0.1879600E+01 -0.6053287E+05
  0.1885300E+01 -0.5711582E+05
  0.1891000E+01 -0.5344642E+05
  0.1896700E+01 -0.4954469E+05
  0.1902400E+01 -0.4543114E+05
  0.1908100E+01 -0.4112658E+05
  0.1913800E+01 -0.3665199E+05
  0.1919500E+01 -0.3202847E+05
  0.1925200E+01 -0.2727703E+05
  0.1930900E+01 -0.2241855E+05
  0.1936600E+01 -0.1747365E+05
  0.1942300E+01 -0.1246260E+05
  0.1948000E+01 -0.7405208E+04
  0.1953700E+01 -0.2320797E+04
  0.1959400E+01  0.2771926E+04
  0.1965100E+01  0.7854909E+04
  0.1970800E+01  0.1291082E+05
  0.1976500E+01  0.1792309E+05
  0.1982200E+01  0.2287597E+05
  0.1987900E+01  0.2775457E+05
  0.1993600E+01  0.3254487E+05
  0.1999300E+01  0.3723376E+05
  0.2005000E+01  0.4180905E+05
  0.2010700E+01  0.4625950E+05
  0.2016400E+01  0.5057478E+05
  0.2022100E+01  0.5474555E+05
  0.2027800E+01  0.5876335E+05
  0.2033500E+01  0.6262070E+05
  0.2039200E+01  0.6631101E+05
  0.2044900E+01  0.6982860E+05
  0.2050600E+01  0.7316865E+05
  0.2056300E+01  0.7632721E+05
  0.2062000E+01  0.7930115E+05
  0.2067700E+01  0.8208815E+05
  0.2073400E+01  0.8468664E+05
  0.2079100E+01  0.8709578E+05
  0.2084800E+01  0.8931545E+05
  0.2090500E+01  0.9134617E+05
  0.2096200E+01  0.9318909E+05
  0.2101900E+01  0.9484595E+05
  0.2107600E+01  0.9631902E+05
  0.2113300E+01  0.9761110E+05
  0.2119000E+01  0.9872546E+05
  0.2124700E+01  0.9966576E+05
  0.2130400E+01  0.1004361E+06
  0.2136100E+01  0.1010409E+06
  0.2141800E+01  0.1014850E+06
  0.2147500E+01  0.1017733E+06
  0.2153200E+01  0.1019112E+06
  0.2158900E+01  0.1019042E+06
  0.2164600E+01  0.1017578E+06
  0.2170300E+01  0.1014780E+06
  0.2176000E+01  0.1010707E+06
  0.2181700E+01  0.1005419E+06
  0.2187400E+01  0.9989774E+05
  0.2193100E+01  0.9914431E+05
  0.2198800E+01  0.9828775E+05
  0.2204500E+01  0.9733421E+05
  0.2210200E+01  0.9628977E+05
  0.2215900E+01  0.9516049E+05
  0.2221600E+01  0.9395234E+05
  0.2227300E+01  0.9267120E+05
  0.2233000E+01  0.9132287E+05
  0.2238700E+01  0.8991300E+05
  0.2244400E+01  0.8844715E+05
  0.2250100E+01  0.8693071E+05
  0.2255800E+01  0.8536893E+05
  0.2261500E+01  0.8376690E+05
  0.2267200E+01  0.8212956E+05
  0.2272900E+01  0.8046165E+05
  0.2278600E+01  0.7876776E+05
  0.2284300E+01  0.7705227E+05
  0.2290000E+01  0.7531940E+05
  0.2295700E+01  0.7357318E+05
  0.2301400E+01  0.7181745E+05
  0.2307100E+01  0.7005584E+05
  0.2312800E+01  0.6829182E+05
  0.2318500E+01  0.6652867E+05
  0.2324200E+01  0.6476947E+05
  0.2329900E+01  0.6301712E+05
  0.2335600E+01  0.6127435E+05
  0.2341300E+01  0.5954370E+05
  0.2347000E+01  0.5782753E+05
  0.2352700E+01  0.5612805E+05
  0.2358400E+01  0.5444730E+05
  0.2364100E+01  0.5278713E+05
  0.2369800E+01  0.5114927E+05
  0.2375500E+01  0.4953528E+05
  0.2381200E+01  0.4794657E+05
  0.2386900E+01  0.4638442E+05
  0.2392600E+01  0.4484998E+05
  0.2398300E+01  0.4334424E+05
  0.2404000E+01  0.4186810E+05
  0.2409700E+01  0.4042231E+05
  0.2415400E+01  0.3900754E+05
  0.2421100E+01  0.3762433E+05
  0.2426800E+01  0.3627312E+05
  0.2432500E+01  0.3495426E+05
  0.2438200E+01  0.3366801E+05
  0.2443900E+01  0.3241454E+05
  0.2449600E+01  0.3119394E+05
  0.2455300E+01  0.3000622E+05
  0.2461000E+01  0.2885133E+05
  0.2466700E+01  0.2772914E+05
  0.2472400E+01  0.2663949E+05
  0.2478100E+01  0.2558213E+05
  0.2483800E+01  0.2455678E+05
  0.2489500E+01  0.2356309E+05
  0.2495200E+01  0.2260069E+05
  0.2500900E+01  0.2166917E+05
  0.2506600E+01  0.2076806E+05
  0.2512300E+01  0.1989689E+05
  0.2518000E+01  0.1905514E+05
  0.2523700E+01  0.1824227E+05
  0.2529400E+01  0.1745772E+05
  0.2535100E+01  0.1670091E+05
  0.2540800E+01  0.1597124E+05
  0.2546500E+01  0.1526811E+05
  0.2552200E+01  0.1459089E+05
  0.2557900E+01  0.1393894E+05
  0.2563600E+01  0.1331165E+05
  0.2569300E+01  0.1270835E+05
  0.2575000E+01  0.1212840E+05
  0.2580700E+01  0.1157117E+05
  0.2586400E+01  0.1103599E+05
  0.2592100E+01  0.1052224E+05
  0.2597800E+01  0.1002926E+05
  0.2603500E+01  0.9556425E+04
  0.2609200E+01  0.9103099E+04
  0.2614900E+01  0.8668660E+04
  0.2620600E+01  0.8252493E+04
  0.2626300E+01  0.7853989E+04
  0.2632000E+01  0.7472550E+04
  0.2637700E+01  0.7107590E+04
  0.2643400E+01  0.6758529E+04
  0.2649100E+01  0.6424804E+04
  0.2654800E+01  0.6105858E+04
  0.2660500E+01  0.5801151E+04
  0.2666200E+01  0.5510151E+04
  0.2671900E+01  0.5232341E+04
  0.2677600E+01  0.4967218E+04
  0.2683300E+01  0.4714289E+04
  0.2689000E+01  0.4473076E+04
  0.2694700E+01  0.4243114E+04
  0.2700400E+01  0.4023952E+04
  0.2706100E+01  0.3815150E+04
  0.2711800E+01  0.3616284E+04
  0.2717500E+01  0.3426940E+04
  0.2723200E+01  0.3246721E+04
  0.2728900E+01  0.3075238E+04
  0.2734600E+01  0.2912119E+04
  0.2740300E+01  0.2757004E+04
  0.2746000E+01  0.2609542E+04
  0.2751700E+01  0.2469398E+04
  0.2757400E+01  0.2336247E+04
  0.2763100E+01  0.2209777E+04
  0.2768800E+01  0.2089687E+04
  0.2774500E+01  0.1975686E+04
  0.2780200E+01  0.1867496E+04
  0.2785900E+01  0.1764849E+04
  0.2791600E+01  0.1667486E+04
  0.2797300E+01  0.1575161E+04
  0.2803000E+01  0.1487636E+04
  0.2808700E+01  0.1404682E+04
  0.2814400E+01  0.1326082E+04
  0.2820100E+01  0.1251625E+04
  0.2825800E+01  0.1181110E+04
  0.2831500E+01  0.1114347E+04
  0.2837200E+01  0.1051150E+04
  0.2842900E+01  0.9913431E+03
  0.2848600E+01  0.9347584E+03
  0.2854300E+01  0.8812349E+03
  0.2860000E+01  0.8306187E+03
  0.2865700E+01  0.7827630E+03
  0.2871400E+01  0.7375274E+03
  0.2877100E+01  0.6947783E+03
  0.2882800E+01  0.6543878E+03
  0.2888500E+01  0.6162343E+03
  0.2894200E+01  0.5802018E+03
  0.2899900E+01  0.5461796E+03
  0.2905600E+01  0.5140625E+03
  0.2911300E+01  0.4837501E+03
  0.2917000E+01  0.4551470E+03
  0.2922700E+01  0.4281624E+03
  0.2928400E+01  0.4027098E+03
  0.2934100E+01  0.3787072E+03
  0.2939800E+01  0.3560764E+03
  0.2945500E+01  0.3347433E+03
  0.2951200E+01  0.3146373E+03
  0.2956900E+01  0.2956916E+03
  0.2962600E+01  0.2778425E+03
  0.2968300E+01  0.2610298E+03
  0.2974000E+01  0.2451963E+03
  0.2979700E+01  0.2302877E+03
  0.2985400E+01  0.2162524E+03
  0.2991100E+01  0.2030419E+03
  0.2996800E+01  0.1906097E+03
  0.3002500E+01  0.1789122E+03
  0.3008200E+01  0.1679079E+03
  0.3013900E+01  0.1575574E+03
  0.3019600E+01  0.1478236E+03
  0.3025300E+01  0.1386713E+03
  0.3031000E+01  0.1300673E+03
  0.3036700E+01  0.1219799E+03
  0.3042400E+01  0.1143795E+03
  0.3048100E+01  0.1072379E+03
  0.3053800E+01  0.1005285E+03
  0.3059500E+01  0.9422613E+02
  0.3065200E+01  0.8830701E+02
  0.3070900E+01  0.8274874E+02
  0.3076600E+01  0.7753012E+02
  0.3082300E+01  0.7263115E+02
  0.3088000E+01  0.6803295E+02
  0.3093700E+01  0.6371770E+02
  0.3099400E+01  0.5966860E+02
  0.3105100E+01  0.5586979E+02
  0.3110800E+01  0.5230631E+02
  0.3116500E+01  0.4896409E+02
  0.3122200E+01  0.4582982E+02
  0.3127900E+01  0.4289098E+02
  0.3133600E+01  0.4013578E+02
  0.3139300E+01  0.3755310E+02
  0.3145000E+01  0.3513247E+02
  0.3150700E+01  0.3286404E+02
  0.3156400E+01  0.3073851E+02
  0.3162100E+01  0.2874716E+02
  0.3167800E+01  0.2688176E+02
  0.3173500E+01  0.2513457E+02
  0.3179200E+01  0.2349832E+02
  0.3184900E+01  0.2196616E+02
  0.3190600E+01  0.2053165E+02
  0.3196300E+01  0.1918874E+02
  0.3202000E+01  0.1793173E+02
  0.3207700E+01  0.1675527E+02
  0.3213400E+01  0.1565435E+02
  0.3219100E+01  0.1462422E+02
  0.3224800E+01  0.1366047E+02
  0.3230500E+01  0.1275891E+02
  0.3236200E+01  0.1191564E+02
  0.3241900E+01  0.1112698E+02
  0.3247600E+01  0.1038947E+02
  0.3253300E+01  0.9699885E+01
  0.3259000E+01  0.9055176E+01
  0.3264700E+01  0.8452493E+01
  0.3270400E+01  0.7889158E+01
  0.3276100E+01  0.7362663E+01
  0.3281800E+01  0.6870650E+01
  0.3287500E+01  0.6410912E+01
  0.3293200E+01  0.5981378E+01
  0.3298900E+01  0.5580106E+01
  0.3304600E+01  0.5205276E+01
  0.3310300E+01  0.4855183E+01
  0.3316000E+01  0.4528227E+01
  0.3321700E+01  0.4222912E+01
  0.3327400E+01  0.3937834E+01
  0.3333100E+01  0.3671678E+01
  0.3338800E+01  0.3423213E+01
  0.3344500E+01  0.3191286E+01
  0.3350200E+01  0.2974818E+01
  0.3355900E+01  0.2772798E+01
  0.3361600E+01  0.2584280E+01
  0.3367300E+01  0.2408378E+01
  0.3373000E+01  0.2244263E+01
  0.3378700E+01  0.2091161E+01
  0.3384400E+01  0.1948344E+01
  0.3390100E+01  0.1815135E+01
  0.3395800E+01  0.1690899E+01
  0.3401500E+01  0.1575041E+01
  0.3407200E+01  0.1467007E+01
  0.3412900E+01  0.1366276E+01
  0.3418600E+01  0.1272364E+01
  0.3424300E+01  0.1184817E+01
  0.3430000E+01  0.1103209E+01
  0.3435700E+01  0.1027146E+01
  0.3441400E+01  0.9562553E+00
  0.3447100E+01  0.8901917E+00
  0.3452800E+01  0.8286314E+00
  0.3458500E+01  0.7712723E+00
  0.3464200E+01  0.7178319E+00
  0.3469900E+01  0.6680467E+00
  0.3475600E+01  0.6216702E+00
  0.3481300E+01  0.5784727E+00
  0.3487000E+01  0.5382394E+00
  0.3492700E+01  0.5007697E+00
  0.3498400E+01  0.4658766E+00
  0.3504100E+01  0.4333855E+00
  0.3509800E+01  0.4031332E+00
  0.3515500E+01  0.3749676E+00
  0.3521200E+01  0.3487468E+00
  0.3526900E+01  0.3243383E+00
  0.3532600E+01  0.3016184E+00
  0.3538300E+01  0.2804720E+00
  0.3544000E+01  0.2607915E+00
  0.3549700E+01  0.2424766E+00
  0.3555400E+01  0.2254336E+00
  0.3561100E+01  0.2095755E+00
  0.3566800E+01  0.1948209E+00
  0.3572500E+01  0.1810938E+00
  0.3578200E+01  0.1683237E+00
  0.3583900E+01  0.1564447E+00
  0.3589600E+01  0.1453952E+00
  0.3595300E+01  0.1351181E+00
  0.3601000E+01  0.1255600E+00
  0.3606700E+01  0.1166711E+00
  0.3612400E+01  0.1084052E+00
  0.3618100E+01  0.1007191E+00
  0.3623800E+01  0.9357248E-01
  0.3629500E+01  0.8692800E-01
  0.3635200E+01  0.8075073E-01
  0.3640900E+01  0.7500817E-01
  0.3646600E+01  0.6967005E-01
  0.3652300E+01  0.6470817E-01
  0.3658000E+01  0.6009629E-01
  0.3663700E+01  0.5580998E-01
  0.3669400E+01  0.5182647E-01
  0.3675100E+01  0.4812459E-01
  0.3680800E+01  0.4468460E-01
  0.3686500E+01  0.4148816E-01
  0.3692200E+01  0.3851818E-01
  0.3697900E+01  0.3575875E-01
  0.3703600E+01  0.3319508E-01
  0.3709300E+01  0.3081339E-01
  0.3715000E+01  0.2860087E-01
  0.3720700E+01  0.2654560E-01
  0.3726400E+01  0.2463647E-01
  0.3732100E+01  0.2286317E-01
  0.3737800E+01  0.2121610E-01
  0.3743500E+01  0.1968631E-01
  0.3749200E+01  0.1826551E-01
  0.3754900E+01  0.1694596E-01
  0.3760600E+01  0.1572047E-01
  0.3766300E+01  0.1458235E-01
  0.3772000E+01  0.1352539E-01
  0.3777700E+01  0.1254380E-01
  0.3783400E+01  0.1163219E-01
  0.3789100E+01  0.1078557E-01
  0.3794800E+01  0.9999286E-02
  0.3800500E+01  0.9269000E-02
  0.3806200E+01  0.8590691E-02
  0.3811900E+01  0.7960614E-02
  0.3817600E+01  0.7375286E-02
  0.3823300E+01  0.6831466E-02
  0.3829000E+01  0.6326140E-02
  0.3834700E+01  0.5856502E-02
  0.3840400E+01  0.5419942E-02
  0.3846100E+01  0.5014029E-02
  0.3851800E+01  0.4636501E-02
  0.3857500E+01  0.4285250E-02
  0.3863200E+01  0.3958314E-02
  0.3868900E+01  0.3653861E-02
  0.3874600E+01  0.3370187E-02
  0.3880300E+01  0.3105699E-02
  0.3886000E+01  0.2858910E-02
  0.3891700E+01  0.2628433E-02
  0.3897400E+01  0.2412966E-02
  0.3903100E+01  0.2211296E-02
  0.3908800E+01  0.2022282E-02
  0.3914500E+01  0.1844855E-02
  0.3920200E+01  0.1678008E-02
  0.3925900E+01  0.1520795E-02
  0.3931600E+01  0.1372322E-02
  0.3937300E+01  0.1231743E-02
  0.3943000E+01  0.1098258E-02
  0.3948700E+01  0.9711035E-03
  0.3954400E+01  0.8495521E-03
  0.3960100E+01  0.7329072E-03
  0.3965800E+01  0.6204994E-03
  0.3971500E+01  0.5116821E-03
  0.3977200E+01  0.4058285E-03
  0.3982900E+01  0.3023277E-03
  0.3988600E+01  0.2005814E-03
  0.3994300E+01  0.1000000E-03
  0.4000000E+01  0.0000000E+00
