  0.1000000E-01  0.0000000E+00
  0.1570000E-01  0.1407613E-07
  0.2140000E-01  0.3056212E-07
  0.2710000E-01  0.5215870E-07
  0.3280000E-01  0.8227337E-07
  0.3850000E-01  0.1255085E-06
  0.4420000E-01  0.1882863E-06
  0.4990000E-01  0.2796859E-06
  0.5560000E-01  0.4125865E-06
  0.6130000E-01  0.6052396E-06
  0.6700000E-01  0.8834314E-06
  0.7270000E-01  0.1283450E-05
  0.7840000E-01  0.1856139E-05
  0.8410000E-01  0.2672418E-05
  0.8980000E-01  0.3830753E-05
  0.9550000E-01  0.5467225E-05
  0.1012000E+00  0.7769039E-05
  0.1069000E+00  0.1099254E-04
  0.1126000E+00  0.1548714E-04
  0.1183000E+00  0.2172693E-04
  0.1240000E+00  0.3035227E-04
  0.1297000E+00  0.4222412E-04
  0.1354000E+00  0.5849487E-04
  0.1411000E+00  0.8070000E-04
  0.1468000E+00  0.1108763E-03
  0.1525000E+00  0.1517132E-03
  0.1582000E+00  0.2067467E-03
  0.1639000E+00  0.2806044E-03
  0.1696000E+00  0.3793159E-03
  0.1753000E+00  0.5107030E-03
  0.1810000E+00  0.6848674E-03
  0.1867000E+00  0.9147973E-03
  0.1924000E+00  0.1217120E-02
  0.1981000E+00  0.1613025E-02
  0.2038000E+00  0.2129401E-02
  0.2095000E+00  0.2800218E-02
  0.2152000E+00  0.3668199E-02
  0.2209000E+00  0.4786846E-02
  0.2266000E+00  0.6222865E-02
  0.2323000E+00  0.8059052E-02
  0.2380000E+00  0.1039773E-01
  0.2437000E+00  0.1336480E-01
  0.2494000E+00  0.1711447E-01
  0.2551000E+00  0.2183481E-01
  0.2608000E+00  0.2775416E-01
  0.2665000E+00  0.3514848E-01
  0.2722000E+00  0.4434988E-01
  0.2779000E+00  0.5575613E-01
  0.2836000E+00  0.6984157E-01
  0.2893000E+00  0.8716923E-01
  0.2950000E+00  0.1084043E+00
  0.3007000E+00  0.1343292E+00
  0.3064000E+00  0.1658597E+00
  0.3121000E+00  0.2040627E+00
  0.3178000E+00  0.2501751E+00
  0.3235000E+00  0.3056242E+00
  0.3292000E+00  0.3720484E+00
  0.3349000E+00  0.4513195E+00
  0.3406000E+00  0.5455646E+00
  0.3463000E+00  0.6571886E+00
  0.3520000E+00  0.7888954E+00
  0.3577000E+00  0.9437091E+00
  0.3634000E+00  0.1124992E+01
  0.3691000E+00  0.1336461E+01
  0.3748000E+00  0.1582200E+01
  0.3805000E+00  0.1866668E+01
  0.3862000E+00  0.2194701E+01
  0.3919000E+00  0.2571505E+01
  0.3976000E+00  0.3002649E+01
  0.4033000E+00  0.3494038E+01
  0.4090000E+00  0.4051879E+01
  0.4147000E+00  0.4682644E+01
  0.4204000E+00  0.5393002E+01
  0.4261000E+00  0.6189755E+01
  0.4318000E+00  0.7079751E+01
  0.4375000E+00  0.8069777E+01
  0.4432000E+00  0.9166442E+01
  0.4489000E+00  0.1037605E+02
  0.4546000E+00  0.1170443E+02
  0.4603000E+00  0.1315679E+02
  0.4660000E+00  0.1473755E+02
  0.4717000E+00  0.1645009E+02
  0.4774000E+00  0.1829661E+02
  0.4831000E+00  0.2027791E+02
  0.4888000E+00  0.2239314E+02
  0.4945000E+00  0.2463962E+02
  0.5002000E+00  0.2701264E+02
  0.5059000E+00  0.2950521E+02
  0.5116000E+00  0.3210793E+02
  0.5173000E+00  0.3480882E+02
  0.5230000E+00  0.3759314E+02
  0.5287000E+00  0.4044335E+02
  0.5344000E+00  0.4333899E+02
  0.5401000E+00  0.4625674E+02
  0.5458000E+00  0.4917037E+02
  0.5515000E+00  0.5205089E+02
  0.5572000E+00  0.5486670E+02
  0.5629000E+00  0.5758381E+02
  0.5686000E+00  0.6016611E+02
  0.5743000E+00  0.6257578E+02
  0.5800000E+00  0.6477365E+02
  0.5857000E+00  0.6671977E+02
  0.5914000E+00  0.6837394E+02
  0.5971000E+00  0.6969633E+02
  0.6028000E+00  0.7064815E+02
  0.6085000E+00  0.7119240E+02
  0.6142000E+00  0.7129460E+02
  0.6199000E+00  0.7092353E+02
  0.6256000E+00  0.7005583E+02
  0.6313000E+00  0.6866541E+02
  0.6370000E+00  0.6673554E+02
  0.6427000E+00  0.6425573E+02
  0.6484000E+00  0.6122240E+02
  0.6541000E+00  0.5763944E+02
  0.6598000E+00  0.5351868E+02
  0.6655000E+00  0.4888019E+02
  0.6712000E+00  0.4375257E+02
  0.6769000E+00  0.3817295E+02
  0.6826000E+00  0.3218698E+02
  0.6883000E+00  0.2584857E+02
  0.6940000E+00  0.1921946E+02
  0.6997000E+00  0.1236870E+02
  0.7054000E+00  0.5371851E+01
  0.7111000E+00 -0.1689898E+01
  0.7168000E+00 -0.8730790E+01
  0.7225000E+00 -0.1566171E+02
  0.7282000E+00 -0.2239152E+02
  0.7339000E+00 -0.2882848E+02
  0.7396000E+00 -0.3488180E+02
  0.7453000E+00 -0.4046316E+02
  0.7510000E+00 -0.4548839E+02
  0.7567000E+00 -0.4987897E+02
  0.7624000E+00 -0.5356366E+02
  0.7681000E+00 -0.5647998E+02
  0.7738000E+00 -0.5857557E+02
  0.7795000E+00 -0.5980946E+02
  0.7852000E+00 -0.6015313E+02
  0.7909000E+00 -0.5959147E+02
  0.7966000E+00 -0.5812338E+02
  0.8023000E+00 -0.5576222E+02
  0.8080000E+00 -0.5253603E+02
  0.8137000E+00 -0.4848738E+02
  0.8194000E+00 -0.4367306E+02
  0.8251000E+00 -0.3816338E+02
  0.8308000E+00 -0.3204130E+02
  0.8365000E+00 -0.2540123E+02
  0.8422000E+00 -0.1834761E+02
  0.8479000E+00 -0.1099328E+02
  0.8536000E+00 -0.3457629E+01
  0.8593000E+00  0.4135387E+01
  0.8650000E+00  0.1165940E+02
  0.8707000E+00  0.1898782E+02
  0.8764000E+00  0.2599612E+02
  0.8821000E+00  0.3256406E+02
  0.8878000E+00  0.3857793E+02
  0.8935000E+00  0.4393267E+02
  0.8992000E+00  0.4853388E+02
  0.9049000E+00  0.5229960E+02
  0.9106000E+00  0.5516196E+02
  0.9163000E+00  0.5706855E+02
  0.9220000E+00  0.5798345E+02
  0.9277000E+00  0.5788809E+02
  0.9334000E+00  0.5678165E+02
  0.9391000E+00  0.5468126E+02
  0.9448000E+00  0.5162176E+02
  0.9505000E+00  0.4765517E+02
  0.9562000E+00  0.4284984E+02
  0.9619000E+00  0.3728929E+02
  0.9676000E+00  0.3107071E+02
  0.9733000E+00  0.2430327E+02
  0.9790000E+00  0.1710614E+02
  0.9847000E+00  0.9606370E+01
  0.9904000E+00  0.1936551E+01
  0.9961000E+00 -0.5767560E+01
  0.1001800E+01 -0.1336952E+02
  0.1007500E+01 -0.2073469E+02
  0.1013200E+01 -0.2773267E+02
  0.1018900E+01 -0.3423966E+02
  0.1024600E+01 -0.4014071E+02
  0.1030300E+01 -0.4533181E+02
  0.1036000E+01 -0.4972171E+02
  0.1041700E+01 -0.5323356E+02
  0.1047400E+01 -0.5580627E+02
  0.1053100E+01 -0.5739555E+02
  0.1058800E+01 -0.5797464E+02
  0.1064500E+01 -0.5753476E+02
  0.1070200E+01 -0.5608515E+02
  0.1075900E+01 -0.5365283E+02
  0.1081600E+01 -0.5028204E+02
  0.1087300E+01 -0.4603339E+02
  0.1093000E+01 -0.4098261E+02
  0.1098700E+01 -0.3521921E+02
  0.1104400E+01 -0.2884473E+02
  0.1110100E+01 -0.2197093E+02
  0.1115800E+01 -0.1471771E+02
  0.1121500E+01 -0.7210953E+01
  0.1127200E+01  0.4196921E+00
  0.1132900E+01  0.8043146E+01
  0.1138600E+01  0.1552917E+02
  0.1144300E+01  0.2275062E+02
  0.1150000E+01  0.2958562E+02
  0.1155700E+01  0.3591963E+02
  0.1161400E+01  0.4164733E+02
  0.1167100E+01  0.4667432E+02
  0.1172800E+01  0.5091867E+02
  0.1178500E+01  0.5431215E+02
  0.1184200E+01  0.5680127E+02
  0.1189900E+01  0.5834799E+02
  0.1195600E+01  0.5893025E+02
  0.1201300E+01  0.5854209E+02
  0.1207000E+01  0.5719365E+02
  0.1212700E+01  0.5491073E+02
  0.1218400E+01  0.5173425E+02
  0.1224100E+01  0.4771935E+02
  0.1229800E+01  0.4293434E+02
  0.1235500E+01  0.3745937E+02
  0.1241200E+01  0.3138504E+02
  0.1246900E+01  0.2481075E+02
  0.1252600E+01  0.1784299E+02
  0.1258300E+01  0.1059356E+02
  0.1264000E+01  0.3177663E+01
  0.1269700E+01 -0.4287933E+01
  0.1275400E+01 -0.1168678E+02
  0.1281100E+01 -0.1890460E+02
  0.1286800E+01 -0.2583101E+02
  0.1292500E+01 -0.3236121E+02
  0.1298200E+01 -0.3839754E+02
  0.1303900E+01 -0.4385085E+02
  0.1309600E+01 -0.4864178E+02
  0.1315300E+01 -0.5270180E+02
  0.1321000E+01 -0.5597407E+02
  0.1326700E+01 -0.5841415E+02
  0.1332400E+01 -0.5999046E+02
  0.1338100E+01 -0.6068454E+02
  0.1343800E+01 -0.6049112E+02
  0.1349500E+01 -0.5941796E+02
  0.1355200E+01 -0.5748556E+02
  0.1360900E+01 -0.5472659E+02
  0.1366600E+01 -0.5118527E+02
  0.1372300E+01 -0.4691648E+02
  0.1378000E+01 -0.4198481E+02
  0.1383700E+01 -0.3646346E+02
  0.1389400E+01 -0.3043304E+02
  0.1395100E+01 -0.2398033E+02
  0.1400800E+01 -0.1719688E+02
  0.1406500E+01 -0.1017772E+02
  0.1412200E+01 -0.3019921E+01
  0.1417900E+01  0.4178757E+01
  0.1423600E+01  0.1132123E+02
  0.1429300E+01  0.1831239E+02
  0.1435000E+01  0.2506038E+02
  0.1440700E+01  0.3147776E+02
  0.1446400E+01  0.3748256E+02
  0.1452100E+01  0.4299934E+02
  0.1457800E+01  0.4795996E+02
  0.1463500E+01  0.5230443E+02
  0.1469200E+01  0.5598146E+02
  0.1474900E+01  0.5894898E+02
  0.1480600E+01  0.6117449E+02
  0.1486300E+01  0.6263531E+02
  0.1492000E+01  0.6331859E+02
  0.1497700E+01  0.6322137E+02
  0.1503400E+01  0.6235033E+02
  0.1509100E+01  0.6072155E+02
  0.1514800E+01  0.5836010E+02
  0.1520500E+01  0.5529955E+02
  0.1526200E+01  0.5158135E+02
  0.1531900E+01  0.4725420E+02
  0.1537600E+01  0.4237329E+02
  0.1543300E+01  0.3699948E+02
  0.1549000E+01  0.3119848E+02
  0.1554700E+01  0.2503998E+02
  0.1560400E+01  0.1859671E+02
  0.1566100E+01  0.1194354E+02
  0.1571800E+01  0.5156611E+01
  0.1577500E+01 -0.1687632E+01
  0.1583200E+01 -0.8513264E+01
  0.1588900E+01 -0.1524574E+02
  0.1594600E+01 -0.2181271E+02
  0.1600300E+01 -0.2814473E+02
  0.1606000E+01 -0.3417601E+02
  0.1611700E+01 -0.3984501E+02
  0.1617400E+01 -0.4509504E+02
  0.1623100E+01 -0.4987473E+02
  0.1628800E+01 -0.5413843E+02
  0.1634500E+01 -0.5784663E+02
  0.1640200E+01 -0.6096614E+02
  0.1645900E+01 -0.6347037E+02
  0.1651600E+01 -0.6533936E+02
  0.1657300E+01 -0.6655988E+02
  0.1663000E+01 -0.6712538E+02
  0.1668700E+01 -0.6703589E+02
  0.1674400E+01 -0.6629785E+02
  0.1680100E+01 -0.6492389E+02
  0.1685800E+01 -0.6293256E+02
  0.1691500E+01 -0.6034799E+02
  0.1697200E+01 -0.5719948E+02
  0.1702900E+01 -0.5352115E+02
  0.1708600E+01 -0.4935144E+02
  0.1714300E+01 -0.4473265E+02
  0.1720000E+01 -0.3971043E+02
  0.1725700E+01 -0.3433330E+02
  0.1731400E+01 -0.2865207E+02
  0.1737100E+01 -0.2271937E+02
  0.1742800E+01 -0.1658909E+02
  0.1748500E+01 -0.1031586E+02
  0.1754200E+01 -0.3954556E+01
  0.1759900E+01  0.2440195E+01
  0.1765600E+01  0.8814499E+01
  0.1771300E+01  0.1511564E+02
  0.1777000E+01  0.2129249E+02
  0.1782700E+01  0.2729592E+02
  0.1788400E+01  0.3307917E+02
  0.1794100E+01  0.3859813E+02
  0.1799800E+01  0.4381170E+02
  0.1805500E+01  0.4868199E+02
  0.1811200E+01  0.5317456E+02
  0.1816900E+01  0.5725860E+02
  0.1822600E+01  0.6090709E+02
  0.1828300E+01  0.6409686E+02
  0.1834000E+01  0.6680872E+02
  0.1839700E+01  0.6902744E+02
  0.1845400E+01  0.7074181E+02
  0.1851100E+01  0.7194455E+02
  0.1856800E+01  0.7263228E+02
  0.1862500E+01  0.7280542E+02
  0.1868200E+01  0.7246808E+02
  0.1873900E+01  0.7162790E+02
  0.1879600E+01  0.7029593E+02
  0.1885300E+01  0.6848639E+02
  0.1891000E+01  0.6621649E+02
  0.1896700E+01  0.6350623E+02
  0.1902400E+01  0.6037818E+02
  0.1908100E+01  0.5685718E+02
  0.1913800E+01  0.5297017E+02
  0.1919500E+01  0.4874589E+02
  0.1925200E+01  0.4421465E+02
  0.1930900E+01  0.3940805E+02
  0.1936600E+01  0.3435876E+02
  0.1942300E+01  0.2910025E+02
  0.1948000E+01  0.2366652E+02
  0.1953700E+01  0.1809191E+02
  0.1959400E+01  0.1241083E+02
  0.1965100E+01  0.6657546E+01
  0.1970800E+01  0.8659848E+00
  0.1976500E+01 -0.4930498E+01
  0.1982200E+01 -0.1069929E+02
  0.1987900E+01 -0.1640869E+02
  0.1993600E+01 -0.2202809E+02
  0.1999300E+01 -0.2752811E+02
  0.2005000E+01 -0.3288073E+02
  0.2010700E+01 -0.3805942E+02
  0.2016400E+01 -0.4303925E+02
  0.2022100E+01 -0.4779695E+02
  0.2027800E+01 -0.5231101E+02
  0.2033500E+01 -0.5656173E+02
  0.2039200E+01 -0.6053129E+02
  0.2044900E+01 -0.6420374E+02
  0.2050600E+01 -0.6756507E+02
  0.2056300E+01 -0.7060318E+02
  0.2062000E+01 -0.7330788E+02
  0.2067700E+01 -0.7567091E+02
  0.2073400E+01 -0.7768585E+02
  0.2079100E+01 -0.7934816E+02
  0.2084800E+01 -0.8065507E+02
  0.2090500E+01 -0.8160556E+02
  0.2096200E+01 -0.8220031E+02
  0.2101900E+01 -0.8244158E+02
  0.2107600E+01 -0.8233321E+02
  0.2113300E+01 -0.8188048E+02
  0.2119000E+01 -0.8109004E+02
  0.2124700E+01 -0.7996987E+02
  0.2130400E+01 -0.7852912E+02
  0.2136100E+01 -0.7677806E+02
  0.2141800E+01 -0.7472798E+02
  0.2147500E+01 -0.7239110E+02
  0.2153200E+01 -0.6978046E+02
  0.2158900E+01 -0.6690982E+02
  0.2164600E+01 -0.6379362E+02
  0.2170300E+01 -0.6044680E+02
  0.2176000E+01 -0.5688479E+02
  0.2181700E+01 -0.5312338E+02
  0.2187400E+01 -0.4917863E+02
  0.2193100E+01 -0.4506682E+02
  0.2198800E+01 -0.4080432E+02
  0.2204500E+01 -0.3640756E+02
  0.2210200E+01 -0.3189294E+02
  0.2215900E+01 -0.2727676E+02
  0.2221600E+01 -0.2257514E+02
  0.2227300E+01 -0.1780398E+02
  0.2233000E+01 -0.1297889E+02
  0.2238700E+01 -0.8115170E+01
  0.2244400E+01 -0.3227701E+01
  0.2250100E+01  0.1669050E+01
  0.2255800E+01  0.6561085E+01
  0.2261500E+01  0.1143491E+02
  0.2267200E+01  0.1627758E+02
  0.2272900E+01  0.2107670E+02
  0.2278600E+01  0.2582046E+02
  0.2284300E+01  0.3049766E+02
  0.2290000E+01  0.3509774E+02
  0.2295700E+01  0.3961074E+02
  0.2301400E+01  0.4402738E+02
  0.2307100E+01  0.4833901E+02
  0.2312800E+01  0.5253762E+02
  0.2318500E+01  0.5661589E+02
  0.2324200E+01  0.6056710E+02
  0.2329900E+01  0.6438520E+02
  0.2335600E+01  0.6806478E+02
  0.2341300E+01  0.7160104E+02
  0.2347000E+01  0.7498979E+02
  0.2352700E+01  0.7822744E+02
  0.2358400E+01  0.8131099E+02
  0.2364100E+01  0.8423799E+02
  0.2369800E+01  0.8700655E+02
  0.2375500E+01  0.8961529E+02
  0.2381200E+01  0.9206335E+02
  0.2386900E+01  0.9435035E+02
  0.2392600E+01  0.9647635E+02
  0.2398300E+01  0.9844188E+02
  0.2404000E+01  0.1002479E+03
  0.2409700E+01  0.1018956E+03
  0.2415400E+01  0.1033869E+03
  0.2421100E+01  0.1047236E+03
  0.2426800E+01  0.1059082E+03
  0.2432500E+01  0.1069432E+03
  0.2438200E+01  0.1078317E+03
  0.2443900E+01  0.1085768E+03
  0.2449600E+01  0.1091819E+03
  0.2455300E+01  0.1096506E+03
  0.2461000E+01  0.1099867E+03
  0.2466700E+01  0.1101941E+03
  0.2472400E+01  0.1102769E+03
  0.2478100E+01  0.1102394E+03
  0.2483800E+01  0.1100859E+03
  0.2489500E+01  0.1098208E+03
  0.2495200E+01  0.1094486E+03
  0.2500900E+01  0.1089737E+03
  0.2506600E+01  0.1084008E+03
  0.2512300E+01  0.1077345E+03
  0.2518000E+01  0.1069793E+03
  0.2523700E+01  0.1061398E+03
  0.2529400E+01  0.1052206E+03
  0.2535100E+01  0.1042262E+03
  0.2540800E+01  0.1031611E+03
  0.2546500E+01  0.1020298E+03
  0.2552200E+01  0.1008366E+03
  0.2557900E+01  0.9958588E+02
  0.2563600E+01  0.9828179E+02
  0.2569300E+01  0.9692852E+02
  0.2575000E+01  0.9553011E+02
  0.2580700E+01  0.9409051E+02
  0.2586400E+01  0.9261358E+02
  0.2592100E+01  0.9110305E+02
  0.2597800E+01  0.8956257E+02
  0.2603500E+01  0.8799564E+02
  0.2609200E+01  0.8640567E+02
  0.2614900E+01  0.8479595E+02
  0.2620600E+01  0.8316962E+02
  0.2626300E+01  0.8152974E+02
  0.2632000E+01  0.7987920E+02
  0.2637700E+01  0.7822081E+02
  0.2643400E+01  0.7655723E+02
  0.2649100E+01  0.7489100E+02
  0.2654800E+01  0.7322455E+02
  0.2660500E+01  0.7156017E+02
  0.2666200E+01  0.6990005E+02
  0.2671900E+01  0.6824625E+02
  0.2677600E+01  0.6660071E+02
  0.2683300E+01  0.6496526E+02
  0.2689000E+01  0.6334163E+02
  0.2694700E+01  0.6173141E+02
  0.2700400E+01  0.6013611E+02
  0.2706100E+01  0.5855712E+02
  0.2711800E+01  0.5699574E+02
  0.2717500E+01  0.5545316E+02
  0.2723200E+01  0.5393048E+02
  0.2728900E+01  0.5242872E+02
  0.2734600E+01  0.5094877E+02
  0.2740300E+01  0.4949148E+02
  0.2746000E+01  0.4805758E+02
  0.2751700E+01  0.4664775E+02
  0.2757400E+01  0.4526258E+02
  0.2763100E+01  0.4390258E+02
  0.2768800E+01  0.4256819E+02
  0.2774500E+01  0.4125980E+02
  0.2780200E+01  0.3997772E+02
  0.2785900E+01  0.3872221E+02
  0.2791600E+01  0.3749345E+02
  0.2797300E+01  0.3629159E+02
  0.2803000E+01  0.3511672E+02
  0.2808700E+01  0.3396888E+02
  0.2814400E+01  0.3284807E+02
  0.2820100E+01  0.3175423E+02
  0.2825800E+01  0.3068728E+02
  0.2831500E+01  0.2964708E+02
  0.2837200E+01  0.2863348E+02
  0.2842900E+01  0.2764628E+02
  0.2848600E+01  0.2668525E+02
  0.2854300E+01  0.2575014E+02
  0.2860000E+01  0.2484067E+02
  0.2865700E+01  0.2395654E+02
  0.2871400E+01  0.2309741E+02
  0.2877100E+01  0.2226295E+02
  0.2882800E+01  0.2145279E+02
  0.2888500E+01  0.2066654E+02
  0.2894200E+01  0.1990382E+02
  0.2899900E+01  0.1916422E+02
  0.2905600E+01  0.1844731E+02
  0.2911300E+01  0.1775268E+02
  0.2917000E+01  0.1707988E+02
  0.2922700E+01  0.1642848E+02
  0.2928400E+01  0.1579802E+02
  0.2934100E+01  0.1518804E+02
  0.2939800E+01  0.1459810E+02
  0.2945500E+01  0.1402774E+02
  0.2951200E+01  0.1347648E+02
  0.2956900E+01  0.1294388E+02
  0.2962600E+01  0.1242947E+02
  0.2968300E+01  0.1193279E+02
  0.2974000E+01  0.1145339E+02
  0.2979700E+01  0.1099080E+02
  0.2985400E+01  0.1054459E+02
  0.2991100E+01  0.1011429E+02
  0.2996800E+01  0.9699477E+01
  0.3002500E+01  0.9299702E+01
  0.3008200E+01  0.8914535E+01
  0.3013900E+01  0.8543548E+01
  0.3019600E+01  0.8186323E+01
  0.3025300E+01  0.7842443E+01
  0.3031000E+01  0.7511503E+01
  0.3036700E+01  0.7193101E+01
  0.3042400E+01  0.6886845E+01
  0.3048100E+01  0.6592349E+01
  0.3053800E+01  0.6309237E+01
  0.3059500E+01  0.6037136E+01
  0.3065200E+01  0.5775687E+01
  0.3070900E+01  0.5524533E+01
  0.3076600E+01  0.5283331E+01
  0.3082300E+01  0.5051741E+01
  0.3088000E+01  0.4829434E+01
  0.3093700E+01  0.4616088E+01
  0.3099400E+01  0.4411391E+01
  0.3105100E+01  0.4215036E+01
  0.3110800E+01  0.4026728E+01
  0.3116500E+01  0.3846176E+01
  0.3122200E+01  0.3673099E+01
  0.3127900E+01  0.3507226E+01
  0.3133600E+01  0.3348289E+01
  0.3139300E+01  0.3196032E+01
  0.3145000E+01  0.3050205E+01
  0.3150700E+01  0.2910566E+01
  0.3156400E+01  0.2776878E+01
  0.3162100E+01  0.2648915E+01
  0.3167800E+01  0.2526457E+01
  0.3173500E+01  0.2409289E+01
  0.3179200E+01  0.2297205E+01
  0.3184900E+01  0.2190005E+01
  0.3190600E+01  0.2087497E+01
  0.3196300E+01  0.1989492E+01
  0.3202000E+01  0.1895812E+01
  0.3207700E+01  0.1806281E+01
  0.3213400E+01  0.1720732E+01
  0.3219100E+01  0.1639002E+01
  0.3224800E+01  0.1560935E+01
  0.3230500E+01  0.1486379E+01
  0.3236200E+01  0.1415190E+01
  0.3241900E+01  0.1347226E+01
  0.3247600E+01  0.1282353E+01
  0.3253300E+01  0.1220441E+01
  0.3259000E+01  0.1161364E+01
  0.3264700E+01  0.1105002E+01
  0.3270400E+01  0.1051238E+01
  0.3276100E+01  0.9999621E+00
  0.3281800E+01  0.9510660E+00
  0.3287500E+01  0.9044467E+00
  0.3293200E+01  0.8600052E+00
  0.3298900E+01  0.8176462E+00
  0.3304600E+01  0.7772784E+00
  0.3310300E+01  0.7388140E+00
  0.3316000E+01  0.7021685E+00
  0.3321700E+01  0.6672613E+00
  0.3327400E+01  0.6340147E+00
  0.3333100E+01  0.6023543E+00
  0.3338800E+01  0.5722086E+00
  0.3344500E+01  0.5435094E+00
  0.3350200E+01  0.5161910E+00
  0.3355900E+01  0.4901905E+00
  0.3361600E+01  0.4654479E+00
  0.3367300E+01  0.4419054E+00
  0.3373000E+01  0.4195078E+00
  0.3378700E+01  0.3982023E+00
  0.3384400E+01  0.3779383E+00
  0.3390100E+01  0.3586673E+00
  0.3395800E+01  0.3403432E+00
  0.3401500E+01  0.3229215E+00
  0.3407200E+01  0.3063599E+00
  0.3412900E+01  0.2906180E+00
  0.3418600E+01  0.2756569E+00
  0.3424300E+01  0.2614398E+00
  0.3430000E+01  0.2479312E+00
  0.3435700E+01  0.2350973E+00
  0.3441400E+01  0.2229060E+00
  0.3447100E+01  0.2113264E+00
  0.3452800E+01  0.2003290E+00
  0.3458500E+01  0.1898859E+00
  0.3464200E+01  0.1799702E+00
  0.3469900E+01  0.1705563E+00
  0.3475600E+01  0.1616198E+00
  0.3481300E+01  0.1531375E+00
  0.3487000E+01  0.1450871E+00
  0.3492700E+01  0.1374475E+00
  0.3498400E+01  0.1301985E+00
  0.3504100E+01  0.1233209E+00
  0.3509800E+01  0.1167962E+00
  0.3515500E+01  0.1106071E+00
  0.3521200E+01  0.1047369E+00
  0.3526900E+01  0.9916969E-01
  0.3532600E+01  0.9389038E-01
  0.3538300E+01  0.8888459E-01
  0.3544000E+01  0.8413861E-01
  0.3549700E+01  0.7963939E-01
  0.3555400E+01  0.7537451E-01
  0.3561100E+01  0.7133215E-01
  0.3566800E+01  0.6750106E-01
  0.3572500E+01  0.6387053E-01
  0.3578200E+01  0.6043038E-01
  0.3583900E+01  0.5717093E-01
  0.3589600E+01  0.5408295E-01
  0.3595300E+01  0.5115768E-01
  0.3601000E+01  0.4838680E-01
  0.3606700E+01  0.4576237E-01
  0.3612400E+01  0.4327687E-01
  0.3618100E+01  0.4092314E-01
  0.3623800E+01  0.3869437E-01
  0.3629500E+01  0.3658410E-01
  0.3635200E+01  0.3458619E-01
  0.3640900E+01  0.3269480E-01
  0.3646600E+01  0.3090438E-01
  0.3652300E+01  0.2920967E-01
  0.3658000E+01  0.2760568E-01
  0.3663700E+01  0.2608764E-01
  0.3669400E+01  0.2465105E-01
  0.3675100E+01  0.2329163E-01
  0.3680800E+01  0.2200532E-01
  0.3686500E+01  0.2078826E-01
  0.3692200E+01  0.1963677E-01
  0.3697900E+01  0.1854740E-01
  0.3703600E+01  0.1751684E-01
  0.3709300E+01  0.1654197E-01
  0.3715000E+01  0.1561980E-01
  0.3720700E+01  0.1474754E-01
  0.3726400E+01  0.1392249E-01
  0.3732100E+01  0.1314214E-01
  0.3737800E+01  0.1240406E-01
  0.3743500E+01  0.1170599E-01
  0.3749200E+01  0.1104576E-01
  0.3754900E+01  0.1042132E-01
  0.3760600E+01  0.9830710E-02
  0.3766300E+01  0.9272098E-02
  0.3772000E+01  0.8743730E-02
  0.3777700E+01  0.8243945E-02
  0.3783400E+01  0.7771168E-02
  0.3789100E+01  0.7323905E-02
  0.3794800E+01  0.6900739E-02
  0.3800500E+01  0.6500326E-02
  0.3806200E+01  0.6121391E-02
  0.3811900E+01  0.5762723E-02
  0.3817600E+01  0.5423176E-02
  0.3823300E+01  0.5101658E-02
  0.3829000E+01  0.4797135E-02
  0.3834700E+01  0.4508624E-02
  0.3840400E+01  0.4235193E-02
  0.3846100E+01  0.3975955E-02
  0.3851800E+01  0.3730066E-02
  0.3857500E+01  0.3496725E-02
  0.3863200E+01  0.3275170E-02
  0.3868900E+01  0.3064674E-02
  0.3874600E+01  0.2864547E-02
  0.3880300E+01  0.2674129E-02
  0.3886000E+01  0.2492791E-02
  0.3891700E+01  0.2319932E-02
  0.3897400E+01  0.2154980E-02
  0.3903100E+01  0.1997385E-02
  0.3908800E+01  0.1846620E-02
  0.3914500E+01  0.1702183E-02
  0.3920200E+01  0.1563586E-02
  0.3925900E+01  0.1430365E-02
  0.3931600E+01  0.1302069E-02
  0.3937300E+01  0.1178265E-02
  0.3943000E+01  0.1058532E-02
  0.3948700E+01  0.9424616E-03
  0.3954400E+01  0.8296586E-03
  0.3960100E+01  0.7197361E-03
  0.3965800E+01  0.6123167E-03
  0.3971500E+01  0.5070300E-03
  0.3977200E+01  0.4035122E-03
  0.3982900E+01  0.3014042E-03
  0.3988600E+01  0.2003510E-03
  0.3994300E+01  0.1000000E-03
  0.4000000E+01  0.0000000E+00
